# Type: scattered data
# Version: 6
# Description: No description
# Format: free
# Field: 1 x
# Field: 2 y
# Field: 3 z milliseconds
# Field: 4 column
# Field: 5 row
# Projection: Local Rectangular
# Units: meters
# End:
# Information from grid:
# Grid_size: 45 x 23
# Grid_space: 454177.597186,456377.597186,6780270.096573,6781370.096573
# Scattered data: Not_available
# Z_field: z
# Vertical_faults: Not_available
# History: No history
# Z_units: milliseconds
454477.597186 6780320.096573 -2130.684082 7 2
454527.597186 6780320.096573 -2122.494141 8 2
454577.597186 6780320.096573 -2116.570313 9 2
454627.597186 6780320.096573 -2109.074219 10 2
454677.597186 6780320.096573 -2101.438721 11 2
454727.597186 6780320.096573 -2090.024414 12 2
454777.597186 6780320.096573 -2081.710205 13 2
454827.597186 6780320.096573 -2071.459473 14 2
454877.597186 6780320.096573 -2062.752686 15 2
454927.597186 6780320.096573 -2053.849854 16 2
454977.597186 6780320.096573 -2045.548462 17 2
455027.597186 6780320.096573 -2033.619385 18 2
455077.597186 6780320.096573 -2022.889771 19 2
455127.597186 6780320.096573 -2016.350708 20 2
455177.597186 6780320.096573 -2009.900146 21 2
455227.597186 6780320.096573 -2009.820679 22 2
455277.597186 6780320.096573 -2007.469849 23 2
455327.597186 6780320.096573 -1997.567749 24 2
455377.597186 6780320.096573 -1989.953491 25 2
455427.597186 6780320.096573 -1983.289429 26 2
455477.597186 6780320.096573 -1977.304565 27 2
455527.597186 6780320.096573 -1971.575195 28 2
455577.597186 6780320.096573 -1960.658203 29 2
454377.597186 6780370.096573 -2120.717041 5 3
454427.597186 6780370.096573 -2126.669434 6 3
454477.597186 6780370.096573 -2128.792480 7 3
454527.597186 6780370.096573 -2117.837646 8 3
454577.597186 6780370.096573 -2111.077637 9 3
454627.597186 6780370.096573 -2104.250244 10 3
454677.597186 6780370.096573 -2097.344727 11 3
454727.597186 6780370.096573 -2086.531250 12 3
454777.597186 6780370.096573 -2079.473145 13 3
454827.597186 6780370.096573 -2070.510010 14 3
454877.597186 6780370.096573 -2062.561035 15 3
454927.597186 6780370.096573 -2054.936768 16 3
454977.597186 6780370.096573 -2042.907593 17 3
455027.597186 6780370.096573 -2033.939819 18 3
455077.597186 6780370.096573 -2028.185303 19 3
455127.597186 6780370.096573 -2021.838379 20 3
455177.597186 6780370.096573 -2016.527466 21 3
455227.597186 6780370.096573 -2017.244995 22 3
455277.597186 6780370.096573 -2014.125000 23 3
455327.597186 6780370.096573 -2003.704956 24 3
455377.597186 6780370.096573 -1995.699341 25 3
455427.597186 6780370.096573 -1987.728394 26 3
455477.597186 6780370.096573 -1980.709717 27 3
455527.597186 6780370.096573 -1974.871338 28 3
455577.597186 6780370.096573 -1963.504150 29 3
455627.597186 6780370.096573 -1953.275391 30 3
455677.597186 6780370.096573 -1944.535278 31 3
455727.597186 6780370.096573 -1936.100830 32 3
455777.597186 6780370.096573 -1927.479492 33 3
454277.597186 6780420.096573 -2132.882324 3 4
454327.597186 6780420.096573 -2124.797363 4 4
454377.597186 6780420.096573 -2129.885986 5 4
454427.597186 6780420.096573 -2130.523682 6 4
454477.597186 6780420.096573 -2127.880371 7 4
454527.597186 6780420.096573 -2119.803223 8 4
454577.597186 6780420.096573 -2110.909912 9 4
454627.597186 6780420.096573 -2102.470215 10 4
454677.597186 6780420.096573 -2094.135010 11 4
454727.597186 6780420.096573 -2083.083252 12 4
454777.597186 6780420.096573 -2074.404785 13 4
454827.597186 6780420.096573 -2070.010010 14 4
454877.597186 6780420.096573 -2061.549805 15 4
454927.597186 6780420.096573 -2052.710205 16 4
454977.597186 6780420.096573 -2048.547852 17 4
455027.597186 6780420.096573 -2039.055176 18 4
455077.597186 6780420.096573 -2030.218628 19 4
455127.597186 6780420.096573 -2019.250122 20 4
455177.597186 6780420.096573 -2020.510010 21 4
455227.597186 6780420.096573 -2024.518799 22 4
455277.597186 6780420.096573 -2015.275146 23 4
455327.597186 6780420.096573 -2011.117554 24 4
455377.597186 6780420.096573 -2004.312378 25 4
455427.597186 6780420.096573 -1995.632446 26 4
455477.597186 6780420.096573 -1983.446777 27 4
455527.597186 6780420.096573 -1976.491333 28 4
455577.597186 6780420.096573 -1965.659180 29 4
455627.597186 6780420.096573 -1957.140259 30 4
455677.597186 6780420.096573 -1949.983398 31 4
455727.597186 6780420.096573 -1942.447632 32 4
455777.597186 6780420.096573 -1933.371826 33 4
455827.597186 6780420.096573 -1926.554443 34 4
455877.597186 6780420.096573 -1918.467529 35 4
454227.597186 6780470.096573 -2146.512939 2 5
454277.597186 6780470.096573 -2143.213135 3 5
454327.597186 6780470.096573 -2137.648438 4 5
454377.597186 6780470.096573 -2134.057861 5 5
454427.597186 6780470.096573 -2129.467041 6 5
454477.597186 6780470.096573 -2123.857178 7 5
454527.597186 6780470.096573 -2116.668213 8 5
454577.597186 6780470.096573 -2109.925049 9 5
454627.597186 6780470.096573 -2102.985352 10 5
454677.597186 6780470.096573 -2096.236816 11 5
454727.597186 6780470.096573 -2089.138428 12 5
454777.597186 6780470.096573 -2080.267822 13 5
454827.597186 6780470.096573 -2073.217773 14 5
454877.597186 6780470.096573 -2065.923584 15 5
454927.597186 6780470.096573 -2059.469482 16 5
454977.597186 6780470.096573 -2053.220703 17 5
455027.597186 6780470.096573 -2049.483887 18 5
455077.597186 6780470.096573 -2048.161621 19 5
455127.597186 6780470.096573 -2044.721558 20 5
455177.597186 6780470.096573 -2039.280396 21 5
455227.597186 6780470.096573 -2034.469238 22 5
455277.597186 6780470.096573 -2025.727295 23 5
455327.597186 6780470.096573 -2015.296387 24 5
455377.597186 6780470.096573 -2008.249756 25 5
455427.597186 6780470.096573 -2000.522339 26 5
455477.597186 6780470.096573 -1989.951782 27 5
455527.597186 6780470.096573 -1982.025024 28 5
455577.597186 6780470.096573 -1972.437012 29 5
455627.597186 6780470.096573 -1965.388062 30 5
455677.597186 6780470.096573 -1958.412354 31 5
455727.597186 6780470.096573 -1951.196777 32 5
455777.597186 6780470.096573 -1942.484619 33 5
455827.597186 6780470.096573 -1934.167725 34 5
455877.597186 6780470.096573 -1924.855103 35 5
455927.597186 6780470.096573 -1917.860229 36 5
454227.597186 6780520.096573 -2154.077148 2 6
454277.597186 6780520.096573 -2143.029541 3 6
454327.597186 6780520.096573 -2137.986328 4 6
454377.597186 6780520.096573 -2131.712158 5 6
454427.597186 6780520.096573 -2126.676270 6 6
454477.597186 6780520.096573 -2122.829834 7 6
454527.597186 6780520.096573 -2117.081055 8 6
454577.597186 6780520.096573 -2113.760986 9 6
454627.597186 6780520.096573 -2107.385986 10 6
454677.597186 6780520.096573 -2097.426270 11 6
454727.597186 6780520.096573 -2087.518799 12 6
454777.597186 6780520.096573 -2080.353271 13 6
454827.597186 6780520.096573 -2073.733398 14 6
454877.597186 6780520.096573 -2067.655273 15 6
454927.597186 6780520.096573 -2058.122070 16 6
454977.597186 6780520.096573 -2049.641602 17 6
455027.597186 6780520.096573 -2046.118652 18 6
455077.597186 6780520.096573 -2045.316650 19 6
455127.597186 6780520.096573 -2046.228394 20 6
455177.597186 6780520.096573 -2037.007446 21 6
455227.597186 6780520.096573 -2033.781006 22 6
455277.597186 6780520.096573 -2031.409302 23 6
455327.597186 6780520.096573 -2016.751953 24 6
455377.597186 6780520.096573 -2010.946533 25 6
455427.597186 6780520.096573 -2003.976929 26 6
455477.597186 6780520.096573 -1996.652832 27 6
455527.597186 6780520.096573 -1987.893188 28 6
455577.597186 6780520.096573 -1979.166138 29 6
455627.597186 6780520.096573 -1974.802124 30 6
455677.597186 6780520.096573 -1967.153076 31 6
455727.597186 6780520.096573 -1960.753540 32 6
455777.597186 6780520.096573 -1952.682129 33 6
455827.597186 6780520.096573 -1942.704224 34 6
455877.597186 6780520.096573 -1930.719849 35 6
455927.597186 6780520.096573 -1923.311035 36 6
455977.597186 6780520.096573 -1917.807007 37 6
454227.597186 6780570.096573 -2150.547119 2 7
454277.597186 6780570.096573 -2149.440430 3 7
454327.597186 6780570.096573 -2145.275879 4 7
454377.597186 6780570.096573 -2138.874023 5 7
454427.597186 6780570.096573 -2131.404785 6 7
454477.597186 6780570.096573 -2128.184570 7 7
454527.597186 6780570.096573 -2123.206787 8 7
454577.597186 6780570.096573 -2118.313477 9 7
454627.597186 6780570.096573 -2110.845703 10 7
454677.597186 6780570.096573 -2102.615723 11 7
454727.597186 6780570.096573 -2093.619141 12 7
454777.597186 6780570.096573 -2083.769531 13 7
454827.597186 6780570.096573 -2073.985596 14 7
454877.597186 6780570.096573 -2066.876709 15 7
454927.597186 6780570.096573 -2059.101318 16 7
454977.597186 6780570.096573 -2052.349609 17 7
455027.597186 6780570.096573 -2050.204346 18 7
455077.597186 6780570.096573 -2050.964111 19 7
455127.597186 6780570.096573 -2047.497070 20 7
455177.597186 6780570.096573 -2037.734375 21 7
455227.597186 6780570.096573 -2032.713013 22 7
455277.597186 6780570.096573 -2035.263062 23 7
455327.597186 6780570.096573 -2022.492676 24 7
455377.597186 6780570.096573 -2012.453247 25 7
455427.597186 6780570.096573 -2005.361694 26 7
455477.597186 6780570.096573 -1998.520508 27 7
455527.597186 6780570.096573 -1995.589966 28 7
455577.597186 6780570.096573 -1984.660278 29 7
455627.597186 6780570.096573 -1981.700684 30 7
455677.597186 6780570.096573 -1977.021851 31 7
455727.597186 6780570.096573 -1966.287964 32 7
455777.597186 6780570.096573 -1959.622803 33 7
455827.597186 6780570.096573 -1949.175659 34 7
455877.597186 6780570.096573 -1937.855469 35 7
455927.597186 6780570.096573 -1927.082397 36 7
455977.597186 6780570.096573 -1923.132690 37 7
456027.597186 6780570.096573 -1911.631226 38 7
454277.597186 6780620.096573 -2156.733887 3 8
454327.597186 6780620.096573 -2152.683350 4 8
454377.597186 6780620.096573 -2147.525635 5 8
454427.597186 6780620.096573 -2143.068604 6 8
454477.597186 6780620.096573 -2134.466309 7 8
454527.597186 6780620.096573 -2126.806396 8 8
454577.597186 6780620.096573 -2120.250000 9 8
454627.597186 6780620.096573 -2114.713867 10 8
454677.597186 6780620.096573 -2107.859619 11 8
454727.597186 6780620.096573 -2098.816162 12 8
454777.597186 6780620.096573 -2089.135254 13 8
454827.597186 6780620.096573 -2078.176758 14 8
454877.597186 6780620.096573 -2069.464355 15 8
454927.597186 6780620.096573 -2064.545898 16 8
454977.597186 6780620.096573 -2054.296387 17 8
455027.597186 6780620.096573 -2051.466064 18 8
455077.597186 6780620.096573 -2053.864258 19 8
455127.597186 6780620.096573 -2040.484985 20 8
455177.597186 6780620.096573 -2041.690186 21 8
455227.597186 6780620.096573 -2036.709717 22 8
455277.597186 6780620.096573 -2034.690063 23 8
455327.597186 6780620.096573 -2033.702148 24 8
455377.597186 6780620.096573 -2018.329346 25 8
455427.597186 6780620.096573 -2010.208008 26 8
455477.597186 6780620.096573 -2003.217773 27 8
455527.597186 6780620.096573 -1997.026001 28 8
455577.597186 6780620.096573 -1987.680664 29 8
455627.597186 6780620.096573 -1983.116089 30 8
455677.597186 6780620.096573 -1976.351685 31 8
455727.597186 6780620.096573 -1985.002930 32 8
455777.597186 6780620.096573 -1965.586914 33 8
455827.597186 6780620.096573 -1954.849121 34 8
455877.597186 6780620.096573 -1945.479370 35 8
455927.597186 6780620.096573 -1933.690918 36 8
455977.597186 6780620.096573 -1924.654419 37 8
456027.597186 6780620.096573 -1911.950317 38 8
456077.597186 6780620.096573 -1904.358643 39 8
454327.597186 6780670.096573 -2158.285156 4 9
454377.597186 6780670.096573 -2152.593262 5 9
454427.597186 6780670.096573 -2147.777588 6 9
454477.597186 6780670.096573 -2136.384766 7 9
454527.597186 6780670.096573 -2126.784668 8 9
454577.597186 6780670.096573 -2119.311279 9 9
454627.597186 6780670.096573 -2115.583984 10 9
454677.597186 6780670.096573 -2110.640381 11 9
454727.597186 6780670.096573 -2103.467041 12 9
454777.597186 6780670.096573 -2094.639404 13 9
454827.597186 6780670.096573 -2083.489746 14 9
454877.597186 6780670.096573 -2072.839355 15 9
454927.597186 6780670.096573 -2066.713623 16 9
454977.597186 6780670.096573 -2062.482178 17 9
455027.597186 6780670.096573 -2059.071777 18 9
455077.597186 6780670.096573 -2050.939941 19 9
455127.597186 6780670.096573 -2039.783569 20 9
455177.597186 6780670.096573 -2037.099609 21 9
455227.597186 6780670.096573 -2032.579834 22 9
455277.597186 6780670.096573 -2034.191284 23 9
455327.597186 6780670.096573 -2033.579834 24 9
455377.597186 6780670.096573 -2021.402954 25 9
455427.597186 6780670.096573 -2013.312378 26 9
455477.597186 6780670.096573 -2005.593750 27 9
455527.597186 6780670.096573 -1998.599243 28 9
455577.597186 6780670.096573 -1989.218018 29 9
455627.597186 6780670.096573 -1984.683594 30 9
455677.597186 6780670.096573 -1976.437378 31 9
455727.597186 6780670.096573 -1985.973389 32 9
455777.597186 6780670.096573 -1968.907349 33 9
455827.597186 6780670.096573 -1958.123657 34 9
455877.597186 6780670.096573 -1948.093872 35 9
455927.597186 6780670.096573 -1936.077148 36 9
455977.597186 6780670.096573 -1925.818848 37 9
456027.597186 6780670.096573 -1913.978516 38 9
456077.597186 6780670.096573 -1904.946899 39 9
454427.597186 6780720.096573 -2146.174316 6 10
454477.597186 6780720.096573 -2138.923340 7 10
454527.597186 6780720.096573 -2128.840576 8 10
454577.597186 6780720.096573 -2121.956055 9 10
454627.597186 6780720.096573 -2114.925293 10 10
454677.597186 6780720.096573 -2108.185547 11 10
454727.597186 6780720.096573 -2103.168945 12 10
454777.597186 6780720.096573 -2094.568604 13 10
454827.597186 6780720.096573 -2087.414795 14 10
454877.597186 6780720.096573 -2078.653564 15 10
454927.597186 6780720.096573 -2071.926270 16 10
454977.597186 6780720.096573 -2064.620361 17 10
455027.597186 6780720.096573 -2060.212891 18 10
455077.597186 6780720.096573 -2051.588135 19 10
455127.597186 6780720.096573 -2048.951172 20 10
455177.597186 6780720.096573 -2045.759644 21 10
455227.597186 6780720.096573 -2041.340454 22 10
455277.597186 6780720.096573 -2037.082153 23 10
455327.597186 6780720.096573 -2030.938965 24 10
455377.597186 6780720.096573 -2025.356567 25 10
455427.597186 6780720.096573 -2016.097168 26 10
455477.597186 6780720.096573 -2010.484985 27 10
455527.597186 6780720.096573 -2001.728271 28 10
455577.597186 6780720.096573 -1992.332520 29 10
455627.597186 6780720.096573 -1987.547241 30 10
455677.597186 6780720.096573 -1978.146240 31 10
455727.597186 6780720.096573 -1977.897217 32 10
455777.597186 6780720.096573 -1973.998169 33 10
455827.597186 6780720.096573 -1959.204956 34 10
455877.597186 6780720.096573 -1949.349609 35 10
455927.597186 6780720.096573 -1938.154907 36 10
455977.597186 6780720.096573 -1927.124634 37 10
456027.597186 6780720.096573 -1914.481689 38 10
456077.597186 6780720.096573 -1904.170898 39 10
456127.597186 6780720.096573 -1893.319824 40 10
454477.597186 6780770.096573 -2151.345459 7 11
454527.597186 6780770.096573 -2142.239990 8 11
454577.597186 6780770.096573 -2132.097168 9 11
454627.597186 6780770.096573 -2125.716797 10 11
454677.597186 6780770.096573 -2122.572754 11 11
454727.597186 6780770.096573 -2119.311279 12 11
454777.597186 6780770.096573 -2115.802979 13 11
454827.597186 6780770.096573 -2111.124023 14 11
454877.597186 6780770.096573 -2105.391602 15 11
454927.597186 6780770.096573 -2097.880615 16 11
454977.597186 6780770.096573 -2087.377197 17 11
455027.597186 6780770.096573 -2075.650879 18 11
455077.597186 6780770.096573 -2071.854004 19 11
455127.597186 6780770.096573 -2068.025879 20 11
455177.597186 6780770.096573 -2067.926270 21 11
455227.597186 6780770.096573 -2067.505615 22 11
455277.597186 6780770.096573 -2050.444824 23 11
455327.597186 6780770.096573 -2045.909424 24 11
455377.597186 6780770.096573 -2040.729126 25 11
455427.597186 6780770.096573 -2030.461914 26 11
455477.597186 6780770.096573 -2012.782959 27 11
455527.597186 6780770.096573 -2010.144287 28 11
455577.597186 6780770.096573 -2002.558838 29 11
455627.597186 6780770.096573 -1994.570923 30 11
455677.597186 6780770.096573 -1983.636841 31 11
455727.597186 6780770.096573 -1982.870483 32 11
455777.597186 6780770.096573 -1983.971558 33 11
455827.597186 6780770.096573 -1977.352539 34 11
455877.597186 6780770.096573 -1949.909180 35 11
455927.597186 6780770.096573 -1936.993774 36 11
455977.597186 6780770.096573 -1927.828491 37 11
456027.597186 6780770.096573 -1913.786011 38 11
456077.597186 6780770.096573 -1905.083496 39 11
456127.597186 6780770.096573 -1894.901245 40 11
456177.597186 6780770.096573 -1889.374268 41 11
454527.597186 6780820.096573 -2149.136963 8 12
454577.597186 6780820.096573 -2142.278320 9 12
454627.597186 6780820.096573 -2134.062988 10 12
454677.597186 6780820.096573 -2123.829834 11 12
454727.597186 6780820.096573 -2114.494385 12 12
454777.597186 6780820.096573 -2106.571289 13 12
454827.597186 6780820.096573 -2095.986084 14 12
454877.597186 6780820.096573 -2087.100830 15 12
454927.597186 6780820.096573 -2080.495605 16 12
454977.597186 6780820.096573 -2075.123535 17 12
455027.597186 6780820.096573 -2071.488281 18 12
455077.597186 6780820.096573 -2071.621338 19 12
455127.597186 6780820.096573 -2067.265137 20 12
455177.597186 6780820.096573 -2064.128662 21 12
455227.597186 6780820.096573 -2062.567383 22 12
455277.597186 6780820.096573 -2062.101074 23 12
455327.597186 6780820.096573 -2059.257568 24 12
455377.597186 6780820.096573 -2053.790527 25 12
455427.597186 6780820.096573 -2054.424072 26 12
455477.597186 6780820.096573 -2045.985962 27 12
455527.597186 6780820.096573 -2019.249512 28 12
455577.597186 6780820.096573 -2010.626343 29 12
455627.597186 6780820.096573 -2000.828369 30 12
455677.597186 6780820.096573 -1994.664551 31 12
455727.597186 6780820.096573 -1985.892456 32 12
455777.597186 6780820.096573 -1977.697876 33 12
455827.597186 6780820.096573 -1974.699341 34 12
455877.597186 6780820.096573 -1955.886597 35 12
455927.597186 6780820.096573 -1941.446411 36 12
455977.597186 6780820.096573 -1930.865356 37 12
456027.597186 6780820.096573 -1916.015625 38 12
456077.597186 6780820.096573 -1908.131226 39 12
456127.597186 6780820.096573 -1899.240479 40 12
456177.597186 6780820.096573 -1888.713135 41 12
454577.597186 6780870.096573 -2145.264648 9 13
454627.597186 6780870.096573 -2135.784668 10 13
454677.597186 6780870.096573 -2128.384521 11 13
454727.597186 6780870.096573 -2120.789551 12 13
454777.597186 6780870.096573 -2113.610107 13 13
454827.597186 6780870.096573 -2106.659424 14 13
454877.597186 6780870.096573 -2099.775391 15 13
454927.597186 6780870.096573 -2093.297852 16 13
454977.597186 6780870.096573 -2086.478027 17 13
455027.597186 6780870.096573 -2079.385498 18 13
455077.597186 6780870.096573 -2075.542236 19 13
455127.597186 6780870.096573 -2069.494141 20 13
455177.597186 6780870.096573 -2067.457520 21 13
455227.597186 6780870.096573 -2063.243896 22 13
455277.597186 6780870.096573 -2060.759766 23 13
455327.597186 6780870.096573 -2058.618652 24 13
455377.597186 6780870.096573 -2055.729980 25 13
455427.597186 6780870.096573 -2054.781738 26 13
455477.597186 6780870.096573 -2038.946899 27 13
455527.597186 6780870.096573 -2028.657104 28 13
455577.597186 6780870.096573 -2027.754639 29 13
455627.597186 6780870.096573 -2005.720459 30 13
455677.597186 6780870.096573 -1995.197754 31 13
455727.597186 6780870.096573 -1984.506836 32 13
455777.597186 6780870.096573 -1972.415405 33 13
455827.597186 6780870.096573 -1965.659546 34 13
455877.597186 6780870.096573 -1957.971558 35 13
455927.597186 6780870.096573 -1949.280518 36 13
455977.597186 6780870.096573 -1931.594971 37 13
456027.597186 6780870.096573 -1921.229736 38 13
456077.597186 6780870.096573 -1908.546875 39 13
456127.597186 6780870.096573 -1895.496948 40 13
456177.597186 6780870.096573 -1884.251343 41 13
456227.597186 6780870.096573 -1875.108032 42 13
454677.597186 6780920.096573 -2132.890869 11 14
454727.597186 6780920.096573 -2125.028076 12 14
454777.597186 6780920.096573 -2119.947998 13 14
454827.597186 6780920.096573 -2111.896240 14 14
454877.597186 6780920.096573 -2108.142578 15 14
454927.597186 6780920.096573 -2094.698975 16 14
454977.597186 6780920.096573 -2090.161133 17 14
455027.597186 6780920.096573 -2086.271240 18 14
455077.597186 6780920.096573 -2079.282471 19 14
455127.597186 6780920.096573 -2073.447754 20 14
455177.597186 6780920.096573 -2068.645264 21 14
455227.597186 6780920.096573 -2065.314697 22 14
455277.597186 6780920.096573 -2063.094238 23 14
455327.597186 6780920.096573 -2062.820801 24 14
455377.597186 6780920.096573 -2059.752197 25 14
455427.597186 6780920.096573 -2053.912598 26 14
455477.597186 6780920.096573 -2041.179199 27 14
455527.597186 6780920.096573 -2037.112183 28 14
455577.597186 6780920.096573 -2034.816772 29 14
455627.597186 6780920.096573 -2026.279175 30 14
455677.597186 6780920.096573 -2009.095093 31 14
455727.597186 6780920.096573 -1989.555908 32 14
455777.597186 6780920.096573 -1976.144409 33 14
455827.597186 6780920.096573 -1965.177490 34 14
455877.597186 6780920.096573 -1956.702881 35 14
455927.597186 6780920.096573 -1949.666138 36 14
455977.597186 6780920.096573 -1935.268188 37 14
456027.597186 6780920.096573 -1920.427734 38 14
456077.597186 6780920.096573 -1915.600220 39 14
456127.597186 6780920.096573 -1904.226563 40 14
456177.597186 6780920.096573 -1884.905151 41 14
456227.597186 6780920.096573 -1868.785156 42 14
454777.597186 6780970.096573 -2115.616943 13 15
454827.597186 6780970.096573 -2102.384521 14 15
454877.597186 6780970.096573 -2096.751953 15 15
454927.597186 6780970.096573 -2089.787842 16 15
454977.597186 6780970.096573 -2083.121582 17 15
455027.597186 6780970.096573 -2078.112061 18 15
455077.597186 6780970.096573 -2072.392822 19 15
455127.597186 6780970.096573 -2067.410400 20 15
455177.597186 6780970.096573 -2064.242920 21 15
455227.597186 6780970.096573 -2058.941650 22 15
455277.597186 6780970.096573 -2062.161133 23 15
455327.597186 6780970.096573 -2064.147705 24 15
455377.597186 6780970.096573 -2062.578125 25 15
455427.597186 6780970.096573 -2065.648682 26 15
455477.597186 6780970.096573 -2068.703613 27 15
455527.597186 6780970.096573 -2045.657715 28 15
455577.597186 6780970.096573 -2040.123413 29 15
455627.597186 6780970.096573 -2029.620117 30 15
455677.597186 6780970.096573 -2019.679199 31 15
455727.597186 6780970.096573 -2001.415894 32 15
455777.597186 6780970.096573 -1985.763672 33 15
455827.597186 6780970.096573 -1984.211182 34 15
455877.597186 6780970.096573 -1960.777466 35 15
455927.597186 6780970.096573 -1952.228027 36 15
455977.597186 6780970.096573 -1940.493408 37 15
456027.597186 6780970.096573 -1928.542236 38 15
456077.597186 6780970.096573 -1920.201660 39 15
456127.597186 6780970.096573 -1917.580200 40 15
456177.597186 6780970.096573 -1916.645508 41 15
456227.597186 6780970.096573 -1884.180298 42 15
456277.597186 6780970.096573 -1868.956787 43 15
454827.597186 6781020.096573 -2100.441162 14 16
454877.597186 6781020.096573 -2089.246338 15 16
454927.597186 6781020.096573 -2085.782227 16 16
454977.597186 6781020.096573 -2083.989258 17 16
455027.597186 6781020.096573 -2079.694824 18 16
455077.597186 6781020.096573 -2075.901611 19 16
455127.597186 6781020.096573 -2064.360596 20 16
455177.597186 6781020.096573 -2061.389893 21 16
455227.597186 6781020.096573 -2060.133057 22 16
455277.597186 6781020.096573 -2063.321533 23 16
455327.597186 6781020.096573 -2064.658936 24 16
455377.597186 6781020.096573 -2065.709473 25 16
455427.597186 6781020.096573 -2067.391113 26 16
455477.597186 6781020.096573 -2067.009033 27 16
455527.597186 6781020.096573 -2057.240234 28 16
455577.597186 6781020.096573 -2046.038940 29 16
455627.597186 6781020.096573 -2036.022583 30 16
455677.597186 6781020.096573 -2029.410645 31 16
455727.597186 6781020.096573 -2023.055786 32 16
455777.597186 6781020.096573 -1990.535889 33 16
455827.597186 6781020.096573 -1977.696777 34 16
455877.597186 6781020.096573 -1964.905029 35 16
455927.597186 6781020.096573 -1954.549683 36 16
455977.597186 6781020.096573 -1944.399414 37 16
456027.597186 6781020.096573 -1932.492310 38 16
456077.597186 6781020.096573 -1925.059692 39 16
456127.597186 6781020.096573 -1919.909302 40 16
456177.597186 6781020.096573 -1904.871216 41 16
456227.597186 6781020.096573 -1875.877197 42 16
456277.597186 6781020.096573 -1867.175415 43 16
454927.597186 6781070.096573 -2075.934082 16 17
454977.597186 6781070.096573 -2077.657715 17 17
455027.597186 6781070.096573 -2074.793213 18 17
455077.597186 6781070.096573 -2072.046387 19 17
455127.597186 6781070.096573 -2069.128174 20 17
455177.597186 6781070.096573 -2069.332520 21 17
455227.597186 6781070.096573 -2068.677246 22 17
455277.597186 6781070.096573 -2068.003174 23 17
455327.597186 6781070.096573 -2062.298828 24 17
455377.597186 6781070.096573 -2063.646973 25 17
455427.597186 6781070.096573 -2065.490479 26 17
455477.597186 6781070.096573 -2065.890869 27 17
455527.597186 6781070.096573 -2061.096924 28 17
455577.597186 6781070.096573 -2050.533691 29 17
455627.597186 6781070.096573 -2038.873413 30 17
455677.597186 6781070.096573 -2033.284912 31 17
455727.597186 6781070.096573 -2023.780029 32 17
455777.597186 6781070.096573 -1997.724731 33 17
455827.597186 6781070.096573 -1980.097412 34 17
455877.597186 6781070.096573 -1968.338501 35 17
455927.597186 6781070.096573 -1955.512817 36 17
455977.597186 6781070.096573 -1943.611084 37 17
456027.597186 6781070.096573 -1934.380981 38 17
456077.597186 6781070.096573 -1927.591797 39 17
456127.597186 6781070.096573 -1913.908936 40 17
456177.597186 6781070.096573 -1877.507813 41 17
456227.597186 6781070.096573 -1862.512573 42 17
456277.597186 6781070.096573 -1860.807983 43 17
454977.597186 6781120.096573 -2071.569092 17 18
455027.597186 6781120.096573 -2070.171143 18 18
455077.597186 6781120.096573 -2060.794189 19 18
455127.597186 6781120.096573 -2060.602539 20 18
455177.597186 6781120.096573 -2062.915771 21 18
455227.597186 6781120.096573 -2062.543457 22 18
455277.597186 6781120.096573 -2061.494629 23 18
455327.597186 6781120.096573 -2059.581543 24 18
455377.597186 6781120.096573 -2060.519531 25 18
455427.597186 6781120.096573 -2061.746826 26 18
455477.597186 6781120.096573 -2063.883789 27 18
455527.597186 6781120.096573 -2062.369385 28 18
455577.597186 6781120.096573 -2054.874268 29 18
455627.597186 6781120.096573 -2041.265625 30 18
455677.597186 6781120.096573 -2031.250732 31 18
455727.597186 6781120.096573 -2021.014648 32 18
455777.597186 6781120.096573 -2013.122192 33 18
455827.597186 6781120.096573 -1986.108398 34 18
455877.597186 6781120.096573 -1970.360962 35 18
455927.597186 6781120.096573 -1956.864746 36 18
455977.597186 6781120.096573 -1946.146484 37 18
456027.597186 6781120.096573 -1933.963013 38 18
456077.597186 6781120.096573 -1923.731323 39 18
456127.597186 6781120.096573 -1909.207764 40 18
456177.597186 6781120.096573 -1898.473389 41 18
456227.597186 6781120.096573 -1872.386841 42 18
456277.597186 6781120.096573 -1866.856812 43 18
455177.597186 6781170.096573 -2056.209961 21 19
455227.597186 6781170.096573 -2056.688232 22 19
455277.597186 6781170.096573 -2056.903809 23 19
455327.597186 6781170.096573 -2056.070313 24 19
455377.597186 6781170.096573 -2060.171143 25 19
455427.597186 6781170.096573 -2059.884766 26 19
455477.597186 6781170.096573 -2063.273438 27 19
455527.597186 6781170.096573 -2057.809570 28 19
455577.597186 6781170.096573 -2051.818604 29 19
455627.597186 6781170.096573 -2038.845581 30 19
455677.597186 6781170.096573 -2030.535522 31 19
455727.597186 6781170.096573 -2026.917847 32 19
455777.597186 6781170.096573 -2017.363647 33 19
455827.597186 6781170.096573 -1991.169189 34 19
455877.597186 6781170.096573 -1975.812012 35 19
455927.597186 6781170.096573 -1960.265137 36 19
455977.597186 6781170.096573 -1946.939575 37 19
456027.597186 6781170.096573 -1934.228516 38 19
456077.597186 6781170.096573 -1923.273926 39 19
456127.597186 6781170.096573 -1914.555176 40 19
456177.597186 6781170.096573 -1898.958618 41 19
456227.597186 6781170.096573 -1880.877563 42 19
456277.597186 6781170.096573 -1875.404541 43 19
455377.597186 6781220.096573 -2057.297607 25 20
455427.597186 6781220.096573 -2056.661133 26 20
455477.597186 6781220.096573 -2056.685547 27 20
455527.597186 6781220.096573 -2054.139648 28 20
455577.597186 6781220.096573 -2050.287598 29 20
455627.597186 6781220.096573 -2040.350464 30 20
455677.597186 6781220.096573 -2030.599854 31 20
455727.597186 6781220.096573 -2023.225708 32 20
455777.597186 6781220.096573 -2008.759521 33 20
455827.597186 6781220.096573 -1993.831421 34 20
455877.597186 6781220.096573 -1979.605835 35 20
455927.597186 6781220.096573 -1965.300903 36 20
455977.597186 6781220.096573 -1952.020874 37 20
456027.597186 6781220.096573 -1943.282349 38 20
456077.597186 6781220.096573 -1927.455933 39 20
456127.597186 6781220.096573 -1926.340332 40 20
456177.597186 6781220.096573 -1905.678223 41 20
456227.597186 6781220.096573 -1890.394531 42 20
455477.597186 6781270.096573 -2045.784912 27 21
455527.597186 6781270.096573 -2045.635376 28 21
455577.597186 6781270.096573 -2043.608154 29 21
455627.597186 6781270.096573 -2036.906616 30 21
455677.597186 6781270.096573 -2030.114990 31 21
455727.597186 6781270.096573 -2024.648804 32 21
455777.597186 6781270.096573 -2010.169434 33 21
455827.597186 6781270.096573 -1998.897461 34 21
455877.597186 6781270.096573 -1985.703857 35 21
455927.597186 6781270.096573 -1971.856323 36 21
455977.597186 6781270.096573 -1957.688110 37 21
456027.597186 6781270.096573 -1946.844849 38 21
455827.597186 6781320.096573 -2000.407715 34 22
455877.597186 6781320.096573 -1991.077271 35 22
