# Type: scattered data
# Version: 6
# Description: No description
# Format: free
# Field: 1 x
# Field: 2 y
# Field: 3 z milliseconds
# Field: 4 column
# Field: 5 row
# Projection: Local Rectangular
# Units: meters
# End:
# Information from grid:
# Grid_size: 33 x 31
# Grid_space: 455117.229144,456717.229144,6782219.824357,6783719.824357
# Scattered data: Not_available
# Z_field: z
# Vertical_faults: Not_available
# History: No history
# Z_units: milliseconds
455917.229144 6782269.824357 -1905.236816 17 2
455967.229144 6782269.824357 -1899.572144 18 2
456017.229144 6782269.824357 -1870.932495 19 2
456067.229144 6782269.824357 -1870.139648 20 2
456117.229144 6782269.824357 -1856.774048 21 2
456167.229144 6782269.824357 -1850.335571 22 2
456217.229144 6782269.824357 -1841.907471 23 2
456267.229144 6782269.824357 -1830.092529 24 2
456317.229144 6782269.824357 -1822.687500 25 2
455317.229144 6782319.824357 -1966.826660 5 3
455367.229144 6782319.824357 -1967.960693 6 3
455417.229144 6782319.824357 -1969.778442 7 3
455467.229144 6782319.824357 -1965.849243 8 3
455517.229144 6782319.824357 -1959.194458 9 3
455567.229144 6782319.824357 -1950.636841 10 3
455617.229144 6782319.824357 -1941.367065 11 3
455667.229144 6782319.824357 -1932.806641 12 3
455717.229144 6782319.824357 -1921.848145 13 3
455767.229144 6782319.824357 -1905.232056 14 3
455817.229144 6782319.824357 -1894.756226 15 3
455867.229144 6782319.824357 -1880.998413 16 3
455917.229144 6782319.824357 -1873.902832 17 3
455967.229144 6782319.824357 -1873.736816 18 3
456017.229144 6782319.824357 -1862.068726 19 3
456067.229144 6782319.824357 -1859.120972 20 3
456117.229144 6782319.824357 -1852.727295 21 3
456167.229144 6782319.824357 -1848.353760 22 3
456217.229144 6782319.824357 -1843.269043 23 3
456267.229144 6782319.824357 -1835.592651 24 3
456317.229144 6782319.824357 -1826.710815 25 3
456367.229144 6782319.824357 -1815.887939 26 3
455267.229144 6782369.824357 -1956.856323 4 4
455317.229144 6782369.824357 -1955.063721 5 4
455367.229144 6782369.824357 -1950.343384 6 4
455417.229144 6782369.824357 -1947.041626 7 4
455467.229144 6782369.824357 -1953.354980 8 4
455517.229144 6782369.824357 -1937.885620 9 4
455567.229144 6782369.824357 -1930.027100 10 4
455617.229144 6782369.824357 -1922.059937 11 4
455667.229144 6782369.824357 -1908.886230 12 4
455717.229144 6782369.824357 -1900.290649 13 4
455767.229144 6782369.824357 -1891.160034 14 4
455817.229144 6782369.824357 -1879.537842 15 4
455867.229144 6782369.824357 -1867.685913 16 4
455917.229144 6782369.824357 -1859.967529 17 4
455967.229144 6782369.824357 -1860.944580 18 4
456017.229144 6782369.824357 -1856.194458 19 4
456067.229144 6782369.824357 -1852.627686 20 4
456117.229144 6782369.824357 -1849.365845 21 4
456167.229144 6782369.824357 -1847.960205 22 4
456217.229144 6782369.824357 -1846.729248 23 4
456267.229144 6782369.824357 -1841.857544 24 4
456317.229144 6782369.824357 -1830.988892 25 4
456367.229144 6782369.824357 -1819.041016 26 4
456417.229144 6782369.824357 -1805.811035 27 4
456467.229144 6782369.824357 -1792.943970 28 4
455217.229144 6782419.824357 -1967.291260 3 5
455267.229144 6782419.824357 -1957.732422 4 5
455317.229144 6782419.824357 -1953.520020 5 5
455367.229144 6782419.824357 -1946.324585 6 5
455417.229144 6782419.824357 -1939.797119 7 5
455467.229144 6782419.824357 -1947.191772 8 5
455517.229144 6782419.824357 -1931.283569 9 5
455567.229144 6782419.824357 -1923.704956 10 5
455617.229144 6782419.824357 -1916.508057 11 5
455667.229144 6782419.824357 -1904.164551 12 5
455717.229144 6782419.824357 -1896.835083 13 5
455767.229144 6782419.824357 -1892.716309 14 5
455817.229144 6782419.824357 -1883.257568 15 5
455867.229144 6782419.824357 -1871.050293 16 5
455917.229144 6782419.824357 -1862.520874 17 5
455967.229144 6782419.824357 -1860.896729 18 5
456017.229144 6782419.824357 -1853.839355 19 5
456067.229144 6782419.824357 -1849.256348 20 5
456117.229144 6782419.824357 -1847.639648 21 5
456167.229144 6782419.824357 -1848.884521 22 5
456217.229144 6782419.824357 -1851.454956 23 5
456267.229144 6782419.824357 -1849.997192 24 5
456317.229144 6782419.824357 -1835.022705 25 5
456367.229144 6782419.824357 -1822.134033 26 5
456417.229144 6782419.824357 -1807.112549 27 5
456467.229144 6782419.824357 -1791.272583 28 5
456517.229144 6782419.824357 -1783.158569 29 5
456567.229144 6782419.824357 -1774.637573 30 5
455217.229144 6782469.824357 -1970.914063 3 6
455267.229144 6782469.824357 -1967.750488 4 6
455317.229144 6782469.824357 -1960.938599 5 6
455367.229144 6782469.824357 -1954.446533 6 6
455417.229144 6782469.824357 -1947.794189 7 6
455467.229144 6782469.824357 -1943.961670 8 6
455517.229144 6782469.824357 -1941.765259 9 6
455567.229144 6782469.824357 -1931.236572 10 6
455617.229144 6782469.824357 -1923.368286 11 6
455667.229144 6782469.824357 -1917.733521 12 6
455717.229144 6782469.824357 -1905.568604 13 6
455767.229144 6782469.824357 -1897.075562 14 6
455817.229144 6782469.824357 -1890.368042 15 6
455867.229144 6782469.824357 -1877.817139 16 6
455917.229144 6782469.824357 -1866.341064 17 6
455967.229144 6782469.824357 -1861.196045 18 6
456017.229144 6782469.824357 -1850.421143 19 6
456067.229144 6782469.824357 -1845.920654 20 6
456117.229144 6782469.824357 -1846.450928 21 6
456167.229144 6782469.824357 -1849.718262 22 6
456217.229144 6782469.824357 -1855.050171 23 6
456267.229144 6782469.824357 -1856.402954 24 6
456317.229144 6782469.824357 -1840.402344 25 6
456367.229144 6782469.824357 -1824.217163 26 6
456417.229144 6782469.824357 -1807.489380 27 6
456467.229144 6782469.824357 -1791.833496 28 6
456517.229144 6782469.824357 -1783.650269 29 6
456567.229144 6782469.824357 -1772.871338 30 6
455167.229144 6782519.824357 -1967.914185 2 7
455217.229144 6782519.824357 -1969.552124 3 7
455267.229144 6782519.824357 -1967.347656 4 7
455317.229144 6782519.824357 -1962.295044 5 7
455367.229144 6782519.824357 -1956.993896 6 7
455417.229144 6782519.824357 -1951.280151 7 7
455467.229144 6782519.824357 -1945.432861 8 7
455517.229144 6782519.824357 -1944.260864 9 7
455567.229144 6782519.824357 -1934.808228 10 7
455617.229144 6782519.824357 -1927.223511 11 7
455667.229144 6782519.824357 -1920.171509 12 7
455717.229144 6782519.824357 -1906.972046 13 7
455767.229144 6782519.824357 -1896.554199 14 7
455817.229144 6782519.824357 -1887.581421 15 7
455867.229144 6782519.824357 -1872.019653 16 7
455917.229144 6782519.824357 -1864.123169 17 7
455967.229144 6782519.824357 -1855.112549 18 7
456017.229144 6782519.824357 -1842.182495 19 7
456067.229144 6782519.824357 -1841.960571 20 7
456117.229144 6782519.824357 -1845.532593 21 7
456167.229144 6782519.824357 -1848.985474 22 7
456217.229144 6782519.824357 -1854.988525 23 7
456267.229144 6782519.824357 -1856.743652 24 7
456317.229144 6782519.824357 -1846.686890 25 7
456367.229144 6782519.824357 -1818.887817 26 7
456417.229144 6782519.824357 -1809.768311 27 7
456467.229144 6782519.824357 -1793.458374 28 7
456517.229144 6782519.824357 -1787.167847 29 7
456567.229144 6782519.824357 -1778.746826 30 7
455167.229144 6782569.824357 -1966.360107 2 8
455217.229144 6782569.824357 -1967.785645 3 8
455267.229144 6782569.824357 -1965.538818 4 8
455317.229144 6782569.824357 -1962.111938 5 8
455367.229144 6782569.824357 -1958.706055 6 8
455417.229144 6782569.824357 -1953.868652 7 8
455467.229144 6782569.824357 -1948.991821 8 8
455517.229144 6782569.824357 -1943.658447 9 8
455567.229144 6782569.824357 -1937.752319 10 8
455617.229144 6782569.824357 -1931.225464 11 8
455667.229144 6782569.824357 -1919.745117 12 8
455717.229144 6782569.824357 -1906.288940 13 8
455767.229144 6782569.824357 -1885.911377 14 8
455817.229144 6782569.824357 -1884.534912 15 8
455867.229144 6782569.824357 -1870.391968 16 8
455917.229144 6782569.824357 -1861.697632 17 8
455967.229144 6782569.824357 -1850.314941 18 8
456017.229144 6782569.824357 -1835.349243 19 8
456067.229144 6782569.824357 -1842.199463 20 8
456117.229144 6782569.824357 -1846.881348 21 8
456167.229144 6782569.824357 -1845.909912 22 8
456217.229144 6782569.824357 -1852.038940 23 8
456267.229144 6782569.824357 -1856.995361 24 8
456317.229144 6782569.824357 -1847.932007 25 8
456367.229144 6782569.824357 -1812.493530 26 8
456417.229144 6782569.824357 -1808.289429 27 8
456467.229144 6782569.824357 -1793.220093 28 8
455167.229144 6782619.824357 -1964.121948 2 9
455217.229144 6782619.824357 -1965.521484 3 9
455267.229144 6782619.824357 -1963.805542 4 9
455317.229144 6782619.824357 -1961.468628 5 9
455367.229144 6782619.824357 -1958.932983 6 9
455417.229144 6782619.824357 -1954.042114 7 9
455467.229144 6782619.824357 -1948.265869 8 9
455517.229144 6782619.824357 -1941.790894 9 9
455567.229144 6782619.824357 -1935.017334 10 9
455617.229144 6782619.824357 -1928.175903 11 9
455667.229144 6782619.824357 -1917.513794 12 9
455717.229144 6782619.824357 -1904.360474 13 9
455767.229144 6782619.824357 -1890.889771 14 9
455817.229144 6782619.824357 -1886.772949 15 9
455867.229144 6782619.824357 -1868.048340 16 9
455917.229144 6782619.824357 -1863.848999 17 9
455967.229144 6782619.824357 -1854.733887 18 9
456017.229144 6782619.824357 -1856.755493 19 9
456067.229144 6782619.824357 -1854.385864 20 9
456117.229144 6782619.824357 -1852.246948 21 9
456167.229144 6782619.824357 -1836.511108 22 9
456217.229144 6782619.824357 -1837.173828 23 9
456267.229144 6782619.824357 -1827.426758 24 9
456317.229144 6782619.824357 -1827.821533 25 9
456367.229144 6782619.824357 -1808.831787 26 9
455167.229144 6782669.824357 -1960.474854 2 10
455217.229144 6782669.824357 -1962.385864 3 10
455267.229144 6782669.824357 -1962.129517 4 10
455317.229144 6782669.824357 -1961.977417 5 10
455367.229144 6782669.824357 -1961.889404 6 10
455417.229144 6782669.824357 -1958.381836 7 10
455467.229144 6782669.824357 -1949.744507 8 10
455517.229144 6782669.824357 -1938.999268 9 10
455567.229144 6782669.824357 -1927.863770 10 10
455617.229144 6782669.824357 -1916.691528 11 10
455667.229144 6782669.824357 -1910.523804 12 10
455717.229144 6782669.824357 -1901.966675 13 10
455767.229144 6782669.824357 -1893.358643 14 10
455817.229144 6782669.824357 -1888.294800 15 10
455867.229144 6782669.824357 -1872.339722 16 10
455917.229144 6782669.824357 -1871.182495 17 10
455967.229144 6782669.824357 -1855.912109 18 10
456017.229144 6782669.824357 -1850.727905 19 10
456067.229144 6782669.824357 -1850.964478 20 10
456117.229144 6782669.824357 -1848.703125 21 10
456167.229144 6782669.824357 -1831.057861 22 10
456217.229144 6782669.824357 -1827.029663 23 10
456267.229144 6782669.824357 -1810.928101 24 10
456317.229144 6782669.824357 -1807.152344 25 10
456367.229144 6782669.824357 -1799.098267 26 10
456417.229144 6782669.824357 -1793.297363 27 10
455167.229144 6782719.824357 -1959.255005 2 11
455217.229144 6782719.824357 -1961.656250 3 11
455267.229144 6782719.824357 -1961.752197 4 11
455317.229144 6782719.824357 -1960.033569 5 11
455367.229144 6782719.824357 -1956.121704 6 11
455417.229144 6782719.824357 -1951.201660 7 11
455467.229144 6782719.824357 -1945.242676 8 11
455517.229144 6782719.824357 -1939.407349 9 11
455567.229144 6782719.824357 -1931.738770 10 11
455617.229144 6782719.824357 -1921.964355 11 11
455667.229144 6782719.824357 -1918.376953 12 11
455717.229144 6782719.824357 -1906.482300 13 11
455767.229144 6782719.824357 -1896.541870 14 11
455817.229144 6782719.824357 -1889.290283 15 11
455867.229144 6782719.824357 -1874.130127 16 11
455917.229144 6782719.824357 -1870.644409 17 11
455967.229144 6782719.824357 -1861.371826 18 11
456017.229144 6782719.824357 -1843.342041 19 11
456067.229144 6782719.824357 -1843.994263 20 11
456117.229144 6782719.824357 -1840.653442 21 11
456167.229144 6782719.824357 -1835.157837 22 11
456217.229144 6782719.824357 -1814.423340 23 11
456267.229144 6782719.824357 -1811.955566 24 11
456317.229144 6782719.824357 -1795.408325 25 11
456367.229144 6782719.824357 -1791.418579 26 11
456417.229144 6782719.824357 -1791.232666 27 11
456467.229144 6782719.824357 -1771.735352 28 11
456517.229144 6782719.824357 -1766.000732 29 11
455167.229144 6782769.824357 -1951.759521 2 12
455217.229144 6782769.824357 -1953.589722 3 12
455267.229144 6782769.824357 -1956.077148 4 12
455317.229144 6782769.824357 -1954.476929 5 12
455367.229144 6782769.824357 -1950.906860 6 12
455417.229144 6782769.824357 -1947.890869 7 12
455467.229144 6782769.824357 -1941.726563 8 12
455517.229144 6782769.824357 -1935.474854 9 12
455567.229144 6782769.824357 -1928.170288 10 12
455617.229144 6782769.824357 -1921.084351 11 12
455667.229144 6782769.824357 -1915.251099 12 12
455717.229144 6782769.824357 -1907.244629 13 12
455767.229144 6782769.824357 -1896.088257 14 12
455817.229144 6782769.824357 -1890.937256 15 12
455867.229144 6782769.824357 -1879.870850 16 12
455917.229144 6782769.824357 -1871.066895 17 12
455967.229144 6782769.824357 -1875.003540 18 12
456017.229144 6782769.824357 -1877.614502 19 12
456067.229144 6782769.824357 -1848.466553 20 12
456117.229144 6782769.824357 -1844.315552 21 12
456167.229144 6782769.824357 -1839.327759 22 12
456217.229144 6782769.824357 -1828.614380 23 12
456267.229144 6782769.824357 -1809.403809 24 12
456317.229144 6782769.824357 -1795.443237 25 12
456367.229144 6782769.824357 -1791.961304 26 12
456417.229144 6782769.824357 -1790.250244 27 12
456467.229144 6782769.824357 -1769.649536 28 12
456517.229144 6782769.824357 -1764.279053 29 12
456567.229144 6782769.824357 -1762.347412 30 12
455217.229144 6782819.824357 -1962.933472 3 13
455267.229144 6782819.824357 -1966.067017 4 13
455317.229144 6782819.824357 -1963.959717 5 13
455367.229144 6782819.824357 -1963.173096 6 13
455417.229144 6782819.824357 -1955.974121 7 13
455467.229144 6782819.824357 -1950.731689 8 13
455517.229144 6782819.824357 -1941.587402 9 13
455567.229144 6782819.824357 -1933.688354 10 13
455617.229144 6782819.824357 -1927.027588 11 13
455667.229144 6782819.824357 -1917.750977 12 13
455717.229144 6782819.824357 -1912.215576 13 13
455767.229144 6782819.824357 -1899.302368 14 13
455817.229144 6782819.824357 -1893.276367 15 13
455867.229144 6782819.824357 -1895.482300 16 13
455917.229144 6782819.824357 -1896.528442 17 13
455967.229144 6782819.824357 -1872.019653 18 13
456017.229144 6782819.824357 -1878.329834 19 13
456067.229144 6782819.824357 -1855.901123 20 13
456117.229144 6782819.824357 -1848.132935 21 13
456167.229144 6782819.824357 -1840.599365 22 13
456217.229144 6782819.824357 -1824.712646 23 13
456267.229144 6782819.824357 -1812.606567 24 13
456317.229144 6782819.824357 -1803.057373 25 13
456367.229144 6782819.824357 -1797.302368 26 13
456417.229144 6782819.824357 -1787.389038 27 13
456467.229144 6782819.824357 -1779.967285 28 13
456517.229144 6782819.824357 -1771.387695 29 13
456567.229144 6782819.824357 -1768.950684 30 13
456617.229144 6782819.824357 -1758.545776 31 13
455217.229144 6782869.824357 -1967.134277 3 14
455267.229144 6782869.824357 -1964.374023 4 14
455317.229144 6782869.824357 -1961.739258 5 14
455367.229144 6782869.824357 -1958.407959 6 14
455417.229144 6782869.824357 -1953.729736 7 14
455467.229144 6782869.824357 -1950.069214 8 14
455517.229144 6782869.824357 -1945.987671 9 14
455567.229144 6782869.824357 -1935.969116 10 14
455617.229144 6782869.824357 -1929.480347 11 14
455667.229144 6782869.824357 -1921.655151 12 14
455717.229144 6782869.824357 -1914.898682 13 14
455767.229144 6782869.824357 -1906.283813 14 14
455817.229144 6782869.824357 -1893.951050 15 14
455867.229144 6782869.824357 -1883.251099 16 14
455917.229144 6782869.824357 -1873.536377 17 14
455967.229144 6782869.824357 -1875.352905 18 14
456017.229144 6782869.824357 -1879.247070 19 14
456067.229144 6782869.824357 -1864.555420 20 14
456117.229144 6782869.824357 -1851.332031 21 14
456167.229144 6782869.824357 -1839.706909 22 14
456217.229144 6782869.824357 -1825.928589 23 14
456267.229144 6782869.824357 -1815.409424 24 14
456317.229144 6782869.824357 -1806.187988 25 14
456367.229144 6782869.824357 -1801.051392 26 14
456417.229144 6782869.824357 -1792.690186 27 14
456467.229144 6782869.824357 -1786.026733 28 14
456517.229144 6782869.824357 -1777.543579 29 14
456567.229144 6782869.824357 -1774.503784 30 14
456617.229144 6782869.824357 -1760.680664 31 14
455267.229144 6782919.824357 -1962.568726 4 15
455317.229144 6782919.824357 -1958.561768 5 15
455367.229144 6782919.824357 -1953.715820 6 15
455417.229144 6782919.824357 -1950.438232 7 15
455467.229144 6782919.824357 -1950.401245 8 15
455517.229144 6782919.824357 -1953.270020 9 15
455567.229144 6782919.824357 -1951.684570 10 15
455617.229144 6782919.824357 -1931.335327 11 15
455667.229144 6782919.824357 -1922.177734 12 15
455717.229144 6782919.824357 -1916.965088 13 15
455767.229144 6782919.824357 -1908.022827 14 15
455817.229144 6782919.824357 -1901.961792 15 15
455867.229144 6782919.824357 -1891.233521 16 15
455917.229144 6782919.824357 -1878.657349 17 15
455967.229144 6782919.824357 -1889.257446 18 15
456017.229144 6782919.824357 -1878.323853 19 15
456067.229144 6782919.824357 -1868.751831 20 15
456117.229144 6782919.824357 -1856.122192 21 15
456167.229144 6782919.824357 -1837.247925 22 15
456217.229144 6782919.824357 -1825.176636 23 15
456267.229144 6782919.824357 -1819.968140 24 15
456317.229144 6782919.824357 -1805.928833 25 15
456367.229144 6782919.824357 -1802.818359 26 15
456417.229144 6782919.824357 -1795.454712 27 15
456467.229144 6782919.824357 -1788.301514 28 15
456517.229144 6782919.824357 -1776.230347 29 15
456567.229144 6782919.824357 -1773.311646 30 15
456617.229144 6782919.824357 -1766.345825 31 15
455317.229144 6782969.824357 -1961.889160 5 16
455367.229144 6782969.824357 -1959.907959 6 16
455417.229144 6782969.824357 -1955.250000 7 16
455467.229144 6782969.824357 -1951.489502 8 16
455517.229144 6782969.824357 -1948.770752 9 16
455567.229144 6782969.824357 -1947.980469 10 16
455617.229144 6782969.824357 -1941.698364 11 16
455667.229144 6782969.824357 -1928.718750 12 16
455717.229144 6782969.824357 -1924.050659 13 16
455767.229144 6782969.824357 -1909.791626 14 16
455817.229144 6782969.824357 -1904.059692 15 16
455867.229144 6782969.824357 -1891.658813 16 16
455917.229144 6782969.824357 -1887.924316 17 16
455967.229144 6782969.824357 -1893.466431 18 16
456017.229144 6782969.824357 -1878.520996 19 16
456067.229144 6782969.824357 -1871.252686 20 16
456117.229144 6782969.824357 -1861.126343 21 16
456167.229144 6782969.824357 -1841.575684 22 16
456217.229144 6782969.824357 -1827.587036 23 16
456267.229144 6782969.824357 -1821.178955 24 16
456317.229144 6782969.824357 -1810.033936 25 16
456367.229144 6782969.824357 -1806.767334 26 16
456417.229144 6782969.824357 -1798.132568 27 16
456467.229144 6782969.824357 -1789.771240 28 16
456517.229144 6782969.824357 -1776.691772 29 16
456567.229144 6782969.824357 -1772.853760 30 16
455367.229144 6783019.824357 -1967.454346 6 17
455417.229144 6783019.824357 -1955.277588 7 17
455467.229144 6783019.824357 -1951.702148 8 17
455517.229144 6783019.824357 -1943.559326 9 17
455567.229144 6783019.824357 -1945.266235 10 17
455617.229144 6783019.824357 -1939.756592 11 17
455667.229144 6783019.824357 -1937.166260 12 17
455717.229144 6783019.824357 -1926.234009 13 17
455767.229144 6783019.824357 -1913.334717 14 17
455817.229144 6783019.824357 -1905.829712 15 17
455867.229144 6783019.824357 -1895.202637 16 17
455917.229144 6783019.824357 -1892.852051 17 17
455967.229144 6783019.824357 -1891.285156 18 17
456017.229144 6783019.824357 -1871.996216 19 17
456067.229144 6783019.824357 -1874.168823 20 17
456117.229144 6783019.824357 -1861.750610 21 17
456167.229144 6783019.824357 -1842.771240 22 17
456217.229144 6783019.824357 -1829.626953 23 17
456267.229144 6783019.824357 -1821.883545 24 17
456317.229144 6783019.824357 -1817.044312 25 17
456367.229144 6783019.824357 -1812.031982 26 17
456417.229144 6783019.824357 -1798.021606 27 17
456467.229144 6783019.824357 -1786.508301 28 17
456517.229144 6783019.824357 -1781.363647 29 17
456567.229144 6783019.824357 -1771.002075 30 17
455467.229144 6783069.824357 -1953.061523 8 18
455517.229144 6783069.824357 -1949.940918 9 18
455567.229144 6783069.824357 -1940.714111 10 18
455617.229144 6783069.824357 -1929.285767 11 18
455667.229144 6783069.824357 -1935.325439 12 18
455717.229144 6783069.824357 -1925.328613 13 18
455767.229144 6783069.824357 -1918.053345 14 18
455817.229144 6783069.824357 -1904.699585 15 18
455867.229144 6783069.824357 -1897.511597 16 18
455917.229144 6783069.824357 -1891.695068 17 18
455967.229144 6783069.824357 -1899.179565 18 18
456017.229144 6783069.824357 -1872.994385 19 18
456067.229144 6783069.824357 -1862.464966 20 18
456117.229144 6783069.824357 -1863.703857 21 18
456167.229144 6783069.824357 -1846.362549 22 18
456217.229144 6783069.824357 -1834.944458 23 18
456267.229144 6783069.824357 -1824.344238 24 18
456317.229144 6783069.824357 -1820.379517 25 18
456367.229144 6783069.824357 -1810.306641 26 18
456417.229144 6783069.824357 -1796.850708 27 18
456467.229144 6783069.824357 -1786.211792 28 18
456517.229144 6783069.824357 -1781.213257 29 18
455567.229144 6783119.824357 -1931.310669 10 19
455617.229144 6783119.824357 -1939.198975 11 19
455667.229144 6783119.824357 -1941.002930 12 19
455717.229144 6783119.824357 -1933.380249 13 19
455767.229144 6783119.824357 -1927.632568 14 19
455817.229144 6783119.824357 -1917.176758 15 19
455867.229144 6783119.824357 -1912.455322 16 19
455917.229144 6783119.824357 -1892.166748 17 19
455967.229144 6783119.824357 -1893.247803 18 19
456017.229144 6783119.824357 -1886.847046 19 19
456067.229144 6783119.824357 -1871.513428 20 19
456117.229144 6783119.824357 -1862.256714 21 19
456167.229144 6783119.824357 -1848.734863 22 19
456217.229144 6783119.824357 -1834.141235 23 19
456267.229144 6783119.824357 -1823.347900 24 19
456317.229144 6783119.824357 -1819.496704 25 19
456367.229144 6783119.824357 -1806.194458 26 19
456417.229144 6783119.824357 -1796.372314 27 19
456467.229144 6783119.824357 -1788.369751 28 19
455567.229144 6783169.824357 -1959.783569 10 20
455617.229144 6783169.824357 -1964.366455 11 20
455667.229144 6783169.824357 -1950.260254 12 20
455717.229144 6783169.824357 -1934.961670 13 20
455767.229144 6783169.824357 -1932.426147 14 20
455817.229144 6783169.824357 -1924.494629 15 20
455867.229144 6783169.824357 -1919.197510 16 20
455917.229144 6783169.824357 -1894.203369 17 20
455967.229144 6783169.824357 -1890.066284 18 20
456017.229144 6783169.824357 -1888.744019 19 20
456067.229144 6783169.824357 -1873.763916 20 20
456117.229144 6783169.824357 -1857.936646 21 20
456167.229144 6783169.824357 -1841.620605 22 20
456217.229144 6783169.824357 -1829.954468 23 20
456267.229144 6783169.824357 -1823.718384 24 20
456317.229144 6783169.824357 -1814.163452 25 20
456367.229144 6783169.824357 -1806.629150 26 20
456417.229144 6783169.824357 -1798.160034 27 20
455567.229144 6783219.824357 -1926.337769 10 21
455617.229144 6783219.824357 -1947.698975 11 21
455667.229144 6783219.824357 -1939.562256 12 21
455717.229144 6783219.824357 -1922.045654 13 21
455767.229144 6783219.824357 -1917.116699 14 21
455817.229144 6783219.824357 -1909.464233 15 21
455867.229144 6783219.824357 -1902.423462 16 21
455917.229144 6783219.824357 -1894.329346 17 21
455967.229144 6783219.824357 -1886.735962 18 21
456017.229144 6783219.824357 -1883.506958 19 21
456067.229144 6783219.824357 -1870.131592 20 21
456117.229144 6783219.824357 -1852.832764 21 21
456167.229144 6783219.824357 -1832.904297 22 21
456217.229144 6783219.824357 -1821.535645 23 21
456267.229144 6783219.824357 -1819.971313 24 21
456317.229144 6783219.824357 -1812.938599 25 21
456367.229144 6783219.824357 -1804.567139 26 21
456417.229144 6783219.824357 -1799.896484 27 21
455567.229144 6783269.824357 -1937.733521 10 22
455617.229144 6783269.824357 -1934.984741 11 22
455667.229144 6783269.824357 -1922.734131 12 22
455717.229144 6783269.824357 -1910.734131 13 22
455767.229144 6783269.824357 -1905.290649 14 22
455817.229144 6783269.824357 -1899.382324 15 22
455867.229144 6783269.824357 -1894.488037 16 22
455917.229144 6783269.824357 -1889.800903 17 22
455967.229144 6783269.824357 -1885.075317 18 22
456017.229144 6783269.824357 -1879.912720 19 22
456067.229144 6783269.824357 -1868.328125 20 22
456117.229144 6783269.824357 -1854.349487 21 22
456167.229144 6783269.824357 -1842.729248 22 22
456217.229144 6783269.824357 -1828.522949 23 22
456267.229144 6783269.824357 -1813.922363 24 22
456317.229144 6783269.824357 -1808.430786 25 22
456367.229144 6783269.824357 -1808.390137 26 22
456417.229144 6783269.824357 -1804.438843 27 22
455567.229144 6783319.824357 -1942.728760 10 23
455617.229144 6783319.824357 -1929.378662 11 23
455667.229144 6783319.824357 -1914.976318 12 23
455717.229144 6783319.824357 -1907.293701 13 23
455767.229144 6783319.824357 -1903.018433 14 23
455817.229144 6783319.824357 -1898.659424 15 23
455867.229144 6783319.824357 -1894.471436 16 23
455917.229144 6783319.824357 -1889.826538 17 23
455967.229144 6783319.824357 -1884.441772 18 23
456017.229144 6783319.824357 -1877.355103 19 23
456067.229144 6783319.824357 -1866.244263 20 23
456117.229144 6783319.824357 -1852.192871 21 23
456167.229144 6783319.824357 -1838.315796 22 23
456217.229144 6783319.824357 -1825.788696 23 23
456267.229144 6783319.824357 -1816.023804 24 23
456317.229144 6783319.824357 -1811.342041 25 23
456367.229144 6783319.824357 -1808.979980 26 23
456417.229144 6783319.824357 -1808.095825 27 23
455567.229144 6783369.824357 -1936.179565 10 24
455617.229144 6783369.824357 -1926.194824 11 24
455667.229144 6783369.824357 -1915.615356 12 24
455717.229144 6783369.824357 -1909.450684 13 24
455767.229144 6783369.824357 -1905.728882 14 24
455817.229144 6783369.824357 -1901.944580 15 24
455867.229144 6783369.824357 -1897.775024 16 24
455917.229144 6783369.824357 -1892.138062 17 24
455967.229144 6783369.824357 -1885.453979 18 24
456017.229144 6783369.824357 -1877.301147 19 24
456067.229144 6783369.824357 -1865.723633 20 24
456117.229144 6783369.824357 -1850.918091 21 24
456167.229144 6783369.824357 -1835.034546 22 24
456217.229144 6783369.824357 -1822.142334 23 24
456267.229144 6783369.824357 -1816.932861 24 24
456317.229144 6783369.824357 -1816.676636 25 24
456367.229144 6783369.824357 -1811.830933 26 24
456417.229144 6783369.824357 -1813.128296 27 24
455617.229144 6783419.824357 -1923.998535 11 25
455667.229144 6783419.824357 -1916.702148 12 25
455717.229144 6783419.824357 -1913.060913 13 25
455767.229144 6783419.824357 -1909.606323 14 25
455817.229144 6783419.824357 -1905.900391 15 25
455867.229144 6783419.824357 -1901.783325 16 25
455917.229144 6783419.824357 -1894.746216 17 25
455967.229144 6783419.824357 -1887.083740 18 25
456017.229144 6783419.824357 -1879.316895 19 25
456067.229144 6783419.824357 -1868.022461 20 25
456117.229144 6783419.824357 -1852.604248 21 25
456167.229144 6783419.824357 -1836.890503 22 25
456217.229144 6783419.824357 -1825.772339 23 25
456267.229144 6783419.824357 -1819.442749 24 25
456317.229144 6783419.824357 -1814.901245 25 25
456367.229144 6783419.824357 -1815.075439 26 25
456417.229144 6783419.824357 -1820.023682 27 25
455667.229144 6783469.824357 -1917.365601 12 26
455717.229144 6783469.824357 -1914.113647 13 26
455767.229144 6783469.824357 -1911.312500 14 26
455817.229144 6783469.824357 -1908.758057 15 26
455867.229144 6783469.824357 -1904.496704 16 26
455917.229144 6783469.824357 -1896.061890 17 26
455967.229144 6783469.824357 -1888.260742 18 26
456017.229144 6783469.824357 -1883.131592 19 26
456067.229144 6783469.824357 -1872.547729 20 26
456117.229144 6783469.824357 -1855.136108 21 26
456167.229144 6783469.824357 -1836.295410 22 26
456217.229144 6783469.824357 -1821.182861 23 26
456267.229144 6783469.824357 -1817.279297 24 26
456317.229144 6783469.824357 -1810.249878 25 26
456367.229144 6783469.824357 -1818.011597 26 26
456417.229144 6783469.824357 -1828.678467 27 26
456467.229144 6783469.824357 -1837.306030 28 26
455767.229144 6783519.824357 -1911.950195 14 27
455817.229144 6783519.824357 -1908.591064 15 27
455867.229144 6783519.824357 -1903.244019 16 27
455917.229144 6783519.824357 -1895.123047 17 27
455967.229144 6783519.824357 -1887.521240 18 27
456017.229144 6783519.824357 -1887.897949 19 27
456067.229144 6783519.824357 -1878.732788 20 27
456117.229144 6783519.824357 -1858.747314 21 27
456167.229144 6783519.824357 -1837.867432 22 27
456217.229144 6783519.824357 -1823.191650 23 27
456267.229144 6783519.824357 -1820.320557 24 27
456317.229144 6783519.824357 -1820.738281 25 27
456367.229144 6783519.824357 -1826.604004 26 27
456417.229144 6783519.824357 -1837.975098 27 27
456467.229144 6783519.824357 -1849.056274 28 27
456517.229144 6783519.824357 -1848.905640 29 27
455917.229144 6783569.824357 -1895.670654 17 28
455967.229144 6783569.824357 -1889.540161 18 28
456017.229144 6783569.824357 -1889.505371 19 28
456067.229144 6783569.824357 -1880.722412 20 28
456117.229144 6783569.824357 -1859.956543 21 28
456167.229144 6783569.824357 -1837.634888 22 28
456217.229144 6783569.824357 -1821.568359 23 28
456267.229144 6783569.824357 -1819.360474 24 28
456317.229144 6783569.824357 -1820.725708 25 28
456367.229144 6783569.824357 -1829.639282 26 28
456417.229144 6783569.824357 -1841.201904 27 28
456467.229144 6783569.824357 -1851.233643 28 28
456517.229144 6783569.824357 -1849.291748 29 28
456017.229144 6783619.824357 -1887.960815 19 29
456067.229144 6783619.824357 -1877.291748 20 29
456117.229144 6783619.824357 -1858.635498 21 29
456167.229144 6783619.824357 -1837.167114 22 29
456217.229144 6783619.824357 -1819.678101 23 29
456267.229144 6783619.824357 -1817.127686 24 29
456317.229144 6783619.824357 -1820.481445 25 29
456367.229144 6783619.824357 -1830.456909 26 29
456417.229144 6783619.824357 -1841.126709 27 29
456467.229144 6783619.824357 -1847.117554 28 29
456517.229144 6783619.824357 -1845.021606 29 29
456117.229144 6783669.824357 -1858.370728 21 30
456167.229144 6783669.824357 -1839.476318 22 30
456217.229144 6783669.824357 -1824.893311 23 30
456267.229144 6783669.824357 -1813.066406 24 30
456317.229144 6783669.824357 -1820.477783 25 30
456367.229144 6783669.824357 -1832.514160 26 30
456417.229144 6783669.824357 -1842.541382 27 30
456467.229144 6783669.824357 -1847.169434 28 30
