# Type: scattered data
# Version: 6
# Description: No description
# Format: free
# Field: 1 x
# Field: 2 y
# Field: 3 z milliseconds
# Field: 4 column
# Field: 5 row
# Projection: Local Rectangular
# Units: meters
# End:
# Information from grid:
# Grid_size: 46 x 17
# Grid_space: 454952.681201,457202.681201,6781438.221573,6782238.221573
# Scattered data: Not_available
# Z_field: z
# Vertical_faults: Not_available
# History: No history
# Z_units: milliseconds
455152.681201 6781488.221573 -1968.143188 5 2
455202.681201 6781488.221573 -1969.560181 6 2
455252.681201 6781488.221573 -1968.185791 7 2
455302.681201 6781488.221573 -1967.359863 8 2
455352.681201 6781488.221573 -1969.567627 9 2
455402.681201 6781488.221573 -1974.321045 10 2
455452.681201 6781488.221573 -1972.791260 11 2
455502.681201 6781488.221573 -1974.905640 12 2
455552.681201 6781488.221573 -1974.299683 13 2
455602.681201 6781488.221573 -1975.739868 14 2
455652.681201 6781488.221573 -1978.173706 15 2
455702.681201 6781488.221573 -1980.426514 16 2
455752.681201 6781488.221573 -1971.292847 17 2
455802.681201 6781488.221573 -1971.075928 18 2
455852.681201 6781488.221573 -1967.302612 19 2
455902.681201 6781488.221573 -1962.596069 20 2
455952.681201 6781488.221573 -1953.837036 21 2
456002.681201 6781488.221573 -1952.613403 22 2
456052.681201 6781488.221573 -1943.617676 23 2
456102.681201 6781488.221573 -1936.747314 24 2
456152.681201 6781488.221573 -1914.933472 25 2
456202.681201 6781488.221573 -1903.984009 26 2
456252.681201 6781488.221573 -1890.395752 27 2
455152.681201 6781538.221573 -1965.256226 5 3
455202.681201 6781538.221573 -1964.517456 6 3
455252.681201 6781538.221573 -1963.173096 7 3
455302.681201 6781538.221573 -1960.698364 8 3
455352.681201 6781538.221573 -1958.448608 9 3
455402.681201 6781538.221573 -1962.259766 10 3
455452.681201 6781538.221573 -1961.913574 11 3
455502.681201 6781538.221573 -1965.391846 12 3
455552.681201 6781538.221573 -1968.267944 13 3
455602.681201 6781538.221573 -1970.655762 14 3
455652.681201 6781538.221573 -1974.108521 15 3
455702.681201 6781538.221573 -1976.250000 16 3
455752.681201 6781538.221573 -1974.268188 17 3
455802.681201 6781538.221573 -1977.353149 18 3
455852.681201 6781538.221573 -1976.168091 19 3
455902.681201 6781538.221573 -1974.125732 20 3
455952.681201 6781538.221573 -1968.396973 21 3
456002.681201 6781538.221573 -1963.387939 22 3
456052.681201 6781538.221573 -1951.487183 23 3
456102.681201 6781538.221573 -1947.354126 24 3
456152.681201 6781538.221573 -1929.317627 25 3
456202.681201 6781538.221573 -1917.722778 26 3
456252.681201 6781538.221573 -1904.552490 27 3
456302.681201 6781538.221573 -1885.403442 28 3
455152.681201 6781588.221573 -1954.657837 5 4
455202.681201 6781588.221573 -1953.787964 6 4
455252.681201 6781588.221573 -1953.656372 7 4
455302.681201 6781588.221573 -1952.484741 8 4
455352.681201 6781588.221573 -1949.694458 9 4
455402.681201 6781588.221573 -1949.277588 10 4
455452.681201 6781588.221573 -1949.895752 11 4
455502.681201 6781588.221573 -1951.586060 12 4
455552.681201 6781588.221573 -1964.501953 13 4
455602.681201 6781588.221573 -1964.635010 14 4
455652.681201 6781588.221573 -1973.699585 15 4
455702.681201 6781588.221573 -1980.210083 16 4
455752.681201 6781588.221573 -1980.058960 17 4
455802.681201 6781588.221573 -1987.763550 18 4
455852.681201 6781588.221573 -1988.956665 19 4
455902.681201 6781588.221573 -1987.433716 20 4
455952.681201 6781588.221573 -1992.804688 21 4
456002.681201 6781588.221573 -1985.616333 22 4
456052.681201 6781588.221573 -1983.040894 23 4
456102.681201 6781588.221573 -1969.972534 24 4
456152.681201 6781588.221573 -1964.213013 25 4
456202.681201 6781588.221573 -1953.214844 26 4
456252.681201 6781588.221573 -1943.701538 27 4
456302.681201 6781588.221573 -1918.998779 28 4
456352.681201 6781588.221573 -1885.206909 29 4
455152.681201 6781638.221573 -1956.278564 5 5
455202.681201 6781638.221573 -1953.455200 6 5
455252.681201 6781638.221573 -1949.919556 7 5
455302.681201 6781638.221573 -1947.881348 8 5
455352.681201 6781638.221573 -1946.377441 9 5
455402.681201 6781638.221573 -1947.392700 10 5
455452.681201 6781638.221573 -1947.179932 11 5
455502.681201 6781638.221573 -1946.726074 12 5
455552.681201 6781638.221573 -1956.429932 13 5
455602.681201 6781638.221573 -1957.032593 14 5
455652.681201 6781638.221573 -1960.507813 15 5
455702.681201 6781638.221573 -1965.100342 16 5
455752.681201 6781638.221573 -1965.494141 17 5
455802.681201 6781638.221573 -1973.231567 18 5
455852.681201 6781638.221573 -1978.179688 19 5
455902.681201 6781638.221573 -1974.456421 20 5
455952.681201 6781638.221573 -1978.121582 21 5
456002.681201 6781638.221573 -1969.822388 22 5
456052.681201 6781638.221573 -1965.105469 23 5
456102.681201 6781638.221573 -1952.842163 24 5
456152.681201 6781638.221573 -1948.446045 25 5
456202.681201 6781638.221573 -1938.053223 26 5
456252.681201 6781638.221573 -1929.402100 27 5
456302.681201 6781638.221573 -1906.750610 28 5
456352.681201 6781638.221573 -1883.971313 29 5
455152.681201 6781688.221573 -1957.118774 5 6
455202.681201 6781688.221573 -1954.405518 6 6
455252.681201 6781688.221573 -1949.542358 7 6
455302.681201 6781688.221573 -1946.870972 8 6
455352.681201 6781688.221573 -1943.989990 9 6
455402.681201 6781688.221573 -1950.384155 10 6
455452.681201 6781688.221573 -1952.418579 11 6
455502.681201 6781688.221573 -1948.612671 12 6
455552.681201 6781688.221573 -1943.344238 13 6
455602.681201 6781688.221573 -1950.315063 14 6
455652.681201 6781688.221573 -1938.015747 15 6
455702.681201 6781688.221573 -1937.968994 16 6
455752.681201 6781688.221573 -1940.092163 17 6
455802.681201 6781688.221573 -1939.055664 18 6
455852.681201 6781688.221573 -1951.034790 19 6
455902.681201 6781688.221573 -1943.070679 20 6
455952.681201 6781688.221573 -1937.296265 21 6
456002.681201 6781688.221573 -1927.009399 22 6
456052.681201 6781688.221573 -1920.216919 23 6
456102.681201 6781688.221573 -1911.305298 24 6
456152.681201 6781688.221573 -1905.189087 25 6
456202.681201 6781688.221573 -1897.388428 26 6
456252.681201 6781688.221573 -1891.163086 27 6
456302.681201 6781688.221573 -1881.491211 28 6
456352.681201 6781688.221573 -1875.089966 29 6
455152.681201 6781738.221573 -1962.096680 5 7
455202.681201 6781738.221573 -1959.940552 6 7
455252.681201 6781738.221573 -1955.955688 7 7
455302.681201 6781738.221573 -1954.421997 8 7
455352.681201 6781738.221573 -1954.857666 9 7
455402.681201 6781738.221573 -1960.046631 10 7
455452.681201 6781738.221573 -1954.968750 11 7
455502.681201 6781738.221573 -1946.046265 12 7
455552.681201 6781738.221573 -1945.084106 13 7
455602.681201 6781738.221573 -1944.110718 14 7
455652.681201 6781738.221573 -1943.088989 15 7
455702.681201 6781738.221573 -1943.978394 16 7
455752.681201 6781738.221573 -1944.655640 17 7
455802.681201 6781738.221573 -1943.367554 18 7
455852.681201 6781738.221573 -1946.943237 19 7
455902.681201 6781738.221573 -1944.584595 20 7
455952.681201 6781738.221573 -1943.344604 21 7
456002.681201 6781738.221573 -1940.271362 22 7
456052.681201 6781738.221573 -1936.068359 23 7
456102.681201 6781738.221573 -1930.418701 24 7
456152.681201 6781738.221573 -1923.687866 25 7
456202.681201 6781738.221573 -1915.706665 26 7
456252.681201 6781738.221573 -1914.551392 27 7
456302.681201 6781738.221573 -1896.371094 28 7
456352.681201 6781738.221573 -1878.944458 29 7
455152.681201 6781788.221573 -1965.808105 5 8
455202.681201 6781788.221573 -1965.943237 6 8
455252.681201 6781788.221573 -1964.428833 7 8
455302.681201 6781788.221573 -1962.990356 8 8
455352.681201 6781788.221573 -1962.327393 9 8
455402.681201 6781788.221573 -1967.997192 10 8
455452.681201 6781788.221573 -1967.753540 11 8
455502.681201 6781788.221573 -1966.771118 12 8
455552.681201 6781788.221573 -1959.776367 13 8
455602.681201 6781788.221573 -1936.942017 14 8
455652.681201 6781788.221573 -1939.417969 15 8
455702.681201 6781788.221573 -1940.952759 16 8
455752.681201 6781788.221573 -1935.130981 17 8
455802.681201 6781788.221573 -1935.570435 18 8
455852.681201 6781788.221573 -1942.609985 19 8
455902.681201 6781788.221573 -1944.954712 20 8
455952.681201 6781788.221573 -1939.994141 21 8
456002.681201 6781788.221573 -1939.238281 22 8
456052.681201 6781788.221573 -1933.105469 23 8
456102.681201 6781788.221573 -1929.206299 24 8
456152.681201 6781788.221573 -1919.678589 25 8
456202.681201 6781788.221573 -1913.393433 26 8
456252.681201 6781788.221573 -1908.006958 27 8
456302.681201 6781788.221573 -1893.150757 28 8
456352.681201 6781788.221573 -1879.860840 29 8
455152.681201 6781838.221573 -1970.078613 5 9
455202.681201 6781838.221573 -1969.915039 6 9
455252.681201 6781838.221573 -1970.116211 7 9
455302.681201 6781838.221573 -1970.137329 8 9
455352.681201 6781838.221573 -1970.065430 9 9
455402.681201 6781838.221573 -1972.566162 10 9
455452.681201 6781838.221573 -1969.467896 11 9
455502.681201 6781838.221573 -1962.619385 12 9
455552.681201 6781838.221573 -1962.765625 13 9
455602.681201 6781838.221573 -1960.389038 14 9
455652.681201 6781838.221573 -1955.366577 15 9
455702.681201 6781838.221573 -1951.348022 16 9
455752.681201 6781838.221573 -1938.110596 17 9
455802.681201 6781838.221573 -1941.374268 18 9
455852.681201 6781838.221573 -1942.731689 19 9
455902.681201 6781838.221573 -1942.994263 20 9
455952.681201 6781838.221573 -1938.601807 21 9
456002.681201 6781838.221573 -1939.465088 22 9
456052.681201 6781838.221573 -1933.714844 23 9
456102.681201 6781838.221573 -1927.234497 24 9
456152.681201 6781838.221573 -1919.949829 25 9
456202.681201 6781838.221573 -1913.156494 26 9
456252.681201 6781838.221573 -1906.161499 27 9
456302.681201 6781838.221573 -1895.799561 28 9
456352.681201 6781838.221573 -1899.499390 29 9
456402.681201 6781838.221573 -1895.072876 30 9
456452.681201 6781838.221573 -1878.962280 31 9
455152.681201 6781888.221573 -1968.711060 5 10
455202.681201 6781888.221573 -1967.744507 6 10
455252.681201 6781888.221573 -1967.986938 7 10
455302.681201 6781888.221573 -1967.409668 8 10
455352.681201 6781888.221573 -1969.255615 9 10
455402.681201 6781888.221573 -1969.900269 10 10
455452.681201 6781888.221573 -1966.276367 11 10
455502.681201 6781888.221573 -1960.464478 12 10
455552.681201 6781888.221573 -1959.443115 13 10
455602.681201 6781888.221573 -1958.008179 14 10
455652.681201 6781888.221573 -1954.199585 15 10
455702.681201 6781888.221573 -1946.979736 16 10
455752.681201 6781888.221573 -1940.394775 17 10
455802.681201 6781888.221573 -1939.918213 18 10
455852.681201 6781888.221573 -1941.732300 19 10
455902.681201 6781888.221573 -1940.812622 20 10
455952.681201 6781888.221573 -1936.579346 21 10
456002.681201 6781888.221573 -1938.051636 22 10
456052.681201 6781888.221573 -1930.962646 23 10
456102.681201 6781888.221573 -1923.170166 24 10
456152.681201 6781888.221573 -1917.812012 25 10
456202.681201 6781888.221573 -1909.369873 26 10
456252.681201 6781888.221573 -1904.565674 27 10
456302.681201 6781888.221573 -1901.221558 28 10
456352.681201 6781888.221573 -1895.120850 29 10
456402.681201 6781888.221573 -1887.503296 30 10
456452.681201 6781888.221573 -1874.238892 31 10
456502.681201 6781888.221573 -1861.042236 32 10
456552.681201 6781888.221573 -1853.223267 33 10
456602.681201 6781888.221573 -1842.682617 34 10
456652.681201 6781888.221573 -1835.733398 35 10
456702.681201 6781888.221573 -1830.298462 36 10
456752.681201 6781888.221573 -1826.918579 37 10
456802.681201 6781888.221573 -1818.209839 38 10
456852.681201 6781888.221573 -1809.250977 39 10
456902.681201 6781888.221573 -1799.480347 40 10
456952.681201 6781888.221573 -1786.018433 41 10
457002.681201 6781888.221573 -1778.067383 42 10
455152.681201 6781938.221573 -1960.865723 5 11
455202.681201 6781938.221573 -1961.127808 6 11
455252.681201 6781938.221573 -1963.511597 7 11
455302.681201 6781938.221573 -1963.300171 8 11
455352.681201 6781938.221573 -1973.358643 9 11
455402.681201 6781938.221573 -1975.346069 10 11
455452.681201 6781938.221573 -1975.048218 11 11
455502.681201 6781938.221573 -1965.514404 12 11
455552.681201 6781938.221573 -1962.602905 13 11
455602.681201 6781938.221573 -1961.377197 14 11
455652.681201 6781938.221573 -1957.019287 15 11
455702.681201 6781938.221573 -1949.379761 16 11
455752.681201 6781938.221573 -1941.975464 17 11
455802.681201 6781938.221573 -1940.598267 18 11
455852.681201 6781938.221573 -1941.659790 19 11
455902.681201 6781938.221573 -1939.490234 20 11
455952.681201 6781938.221573 -1934.779663 21 11
456002.681201 6781938.221573 -1934.977051 22 11
456052.681201 6781938.221573 -1927.399902 23 11
456102.681201 6781938.221573 -1920.279785 24 11
456152.681201 6781938.221573 -1912.196167 25 11
456202.681201 6781938.221573 -1905.658813 26 11
456252.681201 6781938.221573 -1903.350098 27 11
456302.681201 6781938.221573 -1902.205811 28 11
456352.681201 6781938.221573 -1894.741455 29 11
456402.681201 6781938.221573 -1886.354980 30 11
456452.681201 6781938.221573 -1868.083740 31 11
456502.681201 6781938.221573 -1857.470459 32 11
456552.681201 6781938.221573 -1849.679565 33 11
456602.681201 6781938.221573 -1840.255127 34 11
456652.681201 6781938.221573 -1831.009644 35 11
456702.681201 6781938.221573 -1825.154785 36 11
456752.681201 6781938.221573 -1824.215576 37 11
456802.681201 6781938.221573 -1813.853882 38 11
456852.681201 6781938.221573 -1803.486694 39 11
456902.681201 6781938.221573 -1792.721802 40 11
456952.681201 6781938.221573 -1778.854492 41 11
457002.681201 6781938.221573 -1766.483398 42 11
457052.681201 6781938.221573 -1748.779785 43 11
457102.681201 6781938.221573 -1745.298828 44 11
455102.681201 6781988.221573 -1958.538940 4 12
455152.681201 6781988.221573 -1961.201050 5 12
455202.681201 6781988.221573 -1960.751831 6 12
455252.681201 6781988.221573 -1966.144165 7 12
455302.681201 6781988.221573 -1963.260132 8 12
455352.681201 6781988.221573 -1968.717407 9 12
455402.681201 6781988.221573 -1971.232178 10 12
455452.681201 6781988.221573 -1970.241577 11 12
455502.681201 6781988.221573 -1967.463379 12 12
455552.681201 6781988.221573 -1967.109131 13 12
455602.681201 6781988.221573 -1961.205811 14 12
455652.681201 6781988.221573 -1954.586426 15 12
455702.681201 6781988.221573 -1949.716431 16 12
455752.681201 6781988.221573 -1942.361328 17 12
455802.681201 6781988.221573 -1940.067383 18 12
455852.681201 6781988.221573 -1940.107178 19 12
455902.681201 6781988.221573 -1937.792969 20 12
455952.681201 6781988.221573 -1934.021973 21 12
456002.681201 6781988.221573 -1930.146362 22 12
456052.681201 6781988.221573 -1922.166504 23 12
456102.681201 6781988.221573 -1919.008545 24 12
456152.681201 6781988.221573 -1908.397217 25 12
456202.681201 6781988.221573 -1902.369751 26 12
456252.681201 6781988.221573 -1899.900635 27 12
456302.681201 6781988.221573 -1898.626221 28 12
456352.681201 6781988.221573 -1890.895020 29 12
456402.681201 6781988.221573 -1882.500000 30 12
456452.681201 6781988.221573 -1864.993896 31 12
456502.681201 6781988.221573 -1853.894165 32 12
456552.681201 6781988.221573 -1847.622437 33 12
456602.681201 6781988.221573 -1838.354248 34 12
456652.681201 6781988.221573 -1825.565552 35 12
456702.681201 6781988.221573 -1816.503174 36 12
456752.681201 6781988.221573 -1812.250732 37 12
456802.681201 6781988.221573 -1812.575073 38 12
456852.681201 6781988.221573 -1798.805908 39 12
456902.681201 6781988.221573 -1787.113770 40 12
456952.681201 6781988.221573 -1773.968872 41 12
457002.681201 6781988.221573 -1758.848999 42 12
457052.681201 6781988.221573 -1747.281616 43 12
457102.681201 6781988.221573 -1739.483765 44 12
457152.681201 6781988.221573 -1724.959839 45 12
455052.681201 6782038.221573 -1964.997070 3 13
455102.681201 6782038.221573 -1962.770142 4 13
455152.681201 6782038.221573 -1960.010010 5 13
455202.681201 6782038.221573 -1959.765625 6 13
455252.681201 6782038.221573 -1961.890015 7 13
455302.681201 6782038.221573 -1961.581543 8 13
455352.681201 6782038.221573 -1969.381714 9 13
455402.681201 6782038.221573 -1974.627686 10 13
455452.681201 6782038.221573 -1979.384888 11 13
455502.681201 6782038.221573 -1973.277588 12 13
455552.681201 6782038.221573 -1969.861694 13 13
455602.681201 6782038.221573 -1962.329956 14 13
455652.681201 6782038.221573 -1955.275269 15 13
455702.681201 6782038.221573 -1950.293213 16 13
455752.681201 6782038.221573 -1943.154541 17 13
455802.681201 6782038.221573 -1938.529175 18 13
455852.681201 6782038.221573 -1936.785889 19 13
455902.681201 6782038.221573 -1933.249023 20 13
455952.681201 6782038.221573 -1931.942993 21 13
456002.681201 6782038.221573 -1929.074341 22 13
456052.681201 6782038.221573 -1925.628540 23 13
456102.681201 6782038.221573 -1919.697388 24 13
456152.681201 6782038.221573 -1915.724243 25 13
456202.681201 6782038.221573 -1900.497314 26 13
456252.681201 6782038.221573 -1893.916748 27 13
456302.681201 6782038.221573 -1892.583130 28 13
456352.681201 6782038.221573 -1885.691162 29 13
456402.681201 6782038.221573 -1874.036987 30 13
456452.681201 6782038.221573 -1863.262207 31 13
456502.681201 6782038.221573 -1844.490479 32 13
456552.681201 6782038.221573 -1836.827271 33 13
456602.681201 6782038.221573 -1826.256592 34 13
456902.681201 6782038.221573 -1780.136108 40 13
456952.681201 6782038.221573 -1767.285767 41 13
457002.681201 6782038.221573 -1753.148193 42 13
457052.681201 6782038.221573 -1742.289307 43 13
457102.681201 6782038.221573 -1732.578735 44 13
457152.681201 6782038.221573 -1718.051270 45 13
455052.681201 6782088.221573 -1965.825439 3 14
455102.681201 6782088.221573 -1963.319824 4 14
455152.681201 6782088.221573 -1958.734009 5 14
455202.681201 6782088.221573 -1956.540161 6 14
455252.681201 6782088.221573 -1958.560791 7 14
455302.681201 6782088.221573 -1964.107666 8 14
455352.681201 6782088.221573 -1971.825195 9 14
455402.681201 6782088.221573 -1974.248901 10 14
455452.681201 6782088.221573 -1972.380127 11 14
455502.681201 6782088.221573 -1967.023071 12 14
455552.681201 6782088.221573 -1969.509277 13 14
455602.681201 6782088.221573 -1962.073608 14 14
455652.681201 6782088.221573 -1957.145630 15 14
455702.681201 6782088.221573 -1956.408203 16 14
455752.681201 6782088.221573 -1954.728882 17 14
455802.681201 6782088.221573 -1936.625610 18 14
455852.681201 6782088.221573 -1931.392700 19 14
455902.681201 6782088.221573 -1927.897461 20 14
455952.681201 6782088.221573 -1923.482666 21 14
456002.681201 6782088.221573 -1910.609985 22 14
456052.681201 6782088.221573 -1914.514160 23 14
456102.681201 6782088.221573 -1912.924438 24 14
456152.681201 6782088.221573 -1902.278320 25 14
455002.681201 6782138.221573 -1959.552368 2 15
455052.681201 6782138.221573 -1956.630127 3 15
455102.681201 6782138.221573 -1955.561035 4 15
455152.681201 6782138.221573 -1952.115356 5 15
455202.681201 6782138.221573 -1943.960693 6 15
455252.681201 6782138.221573 -1950.702881 7 15
455302.681201 6782138.221573 -1958.316650 8 15
455352.681201 6782138.221573 -1966.181396 9 15
455402.681201 6782138.221573 -1969.044922 10 15
455452.681201 6782138.221573 -1971.930420 11 15
455502.681201 6782138.221573 -1977.942261 12 15
455552.681201 6782138.221573 -1973.317993 13 15
455602.681201 6782138.221573 -1963.660278 14 15
455652.681201 6782138.221573 -1958.817139 15 15
455702.681201 6782138.221573 -1953.488403 16 15
455752.681201 6782138.221573 -1946.530762 17 15
455802.681201 6782138.221573 -1937.149414 18 15
455852.681201 6782138.221573 -1929.185547 19 15
455902.681201 6782138.221573 -1924.214233 20 15
455952.681201 6782138.221573 -1913.465454 21 15
455002.681201 6782188.221573 -1957.160522 2 16
455052.681201 6782188.221573 -1953.136353 3 16
455102.681201 6782188.221573 -1951.708618 4 16
455152.681201 6782188.221573 -1949.123535 5 16
455202.681201 6782188.221573 -1947.209351 6 16
455252.681201 6782188.221573 -1953.176758 7 16
455302.681201 6782188.221573 -1957.764404 8 16
455352.681201 6782188.221573 -1967.192261 9 16
455402.681201 6782188.221573 -1973.545410 10 16
455452.681201 6782188.221573 -1975.528198 11 16
455502.681201 6782188.221573 -1978.361328 12 16
455552.681201 6782188.221573 -1972.890747 13 16
455602.681201 6782188.221573 -1965.322144 14 16
455652.681201 6782188.221573 -1960.660645 15 16
455702.681201 6782188.221573 -1953.850586 16 16
455752.681201 6782188.221573 -1945.428467 17 16
455802.681201 6782188.221573 -1937.610962 18 16
