# Type: scattered data
# Version: 6
# Description: No description
# Format: free
# Field: 1 x
# Field: 2 y
# Field: 3 z milliseconds
# Field: 4 column
# Field: 5 row
# Projection: Local Rectangular
# Units: meters
# End:
# Information from grid:
# Grid_size: 41 x 118
# Grid_space: 453854.505267,455854.505267,6780336.475968,6786186.475968
# Scattered data: Not_available
# Z_field: z
# Vertical_faults: Not_available
# History: No history
# Z_units: milliseconds
453954.505267 6780386.475968 -2034.434814 3 2
454004.505267 6780386.475968 -2054.448975 4 2
454054.505267 6780386.475968 -2075.353760 5 2
454104.505267 6780386.475968 -2094.810059 6 2
454154.505267 6780386.475968 -2114.193115 7 2
454204.505267 6780386.475968 -2130.203369 8 2
454254.505267 6780386.475968 -2150.279541 9 2
453904.505267 6780436.475968 -2026.189453 2 3
453954.505267 6780436.475968 -2050.363770 3 3
454004.505267 6780436.475968 -2078.243896 4 3
454054.505267 6780436.475968 -2101.369873 5 3
454104.505267 6780436.475968 -2119.385498 6 3
454154.505267 6780436.475968 -2135.600586 7 3
454204.505267 6780436.475968 -2149.128662 8 3
454254.505267 6780436.475968 -2164.792725 9 3
453904.505267 6780486.475968 -2030.537964 2 4
453954.505267 6780486.475968 -2059.597168 3 4
454004.505267 6780486.475968 -2100.130371 4 4
454054.505267 6780486.475968 -2125.768066 5 4
454104.505267 6780486.475968 -2141.265381 6 4
454154.505267 6780486.475968 -2154.240234 7 4
454204.505267 6780486.475968 -2166.554932 8 4
454254.505267 6780486.475968 -2178.099854 9 4
454304.505267 6780486.475968 -2191.157959 10 4
453954.505267 6780536.475968 -2051.600342 3 5
454004.505267 6780536.475968 -2091.479736 4 5
454054.505267 6780536.475968 -2123.194580 5 5
454104.505267 6780536.475968 -2148.169189 6 5
454154.505267 6780536.475968 -2167.176270 7 5
454204.505267 6780536.475968 -2178.155518 8 5
454254.505267 6780536.475968 -2185.217285 9 5
454304.505267 6780536.475968 -2193.641113 10 5
453954.505267 6780586.475968 -2025.308838 3 6
454004.505267 6780586.475968 -2072.324219 4 6
454054.505267 6780586.475968 -2098.535400 5 6
454104.505267 6780586.475968 -2138.774902 6 6
454154.505267 6780586.475968 -2167.974121 7 6
454204.505267 6780586.475968 -2178.690674 8 6
454254.505267 6780586.475968 -2180.727295 9 6
454304.505267 6780586.475968 -2187.075195 10 6
454004.505267 6780636.475968 -2040.326660 4 7
454054.505267 6780636.475968 -2057.008057 5 7
454104.505267 6780636.475968 -2094.642090 6 7
454154.505267 6780636.475968 -2127.618164 7 7
454204.505267 6780636.475968 -2144.802734 8 7
454254.505267 6780636.475968 -2155.709961 9 7
454304.505267 6780636.475968 -2169.090332 10 7
454054.505267 6780686.475968 -2002.026123 5 8
454104.505267 6780686.475968 -2032.502319 6 8
454154.505267 6780686.475968 -2067.597656 7 8
454204.505267 6780686.475968 -2094.337891 8 8
454254.505267 6780686.475968 -2120.094482 9 8
454304.505267 6780686.475968 -2145.528320 10 8
454104.505267 6780736.475968 -2007.493164 6 9
454154.505267 6780736.475968 -2039.294800 7 9
454204.505267 6780736.475968 -2067.547852 8 9
454254.505267 6780736.475968 -2097.573242 9 9
454304.505267 6780736.475968 -2126.905518 10 9
454354.505267 6780736.475968 -2153.635986 11 9
454404.505267 6780736.475968 -2167.725830 12 9
454454.505267 6780736.475968 -2186.246582 13 9
454154.505267 6780786.475968 -2044.372437 7 10
454204.505267 6780786.475968 -2067.193115 8 10
454254.505267 6780786.475968 -2089.991699 9 10
454304.505267 6780786.475968 -2114.450195 10 10
454354.505267 6780786.475968 -2139.549561 11 10
454404.505267 6780786.475968 -2156.627930 12 10
454454.505267 6780786.475968 -2170.202637 13 10
454504.505267 6780786.475968 -2179.225342 14 10
454554.505267 6780786.475968 -2191.279053 15 10
454204.505267 6780836.475968 -2034.225586 8 11
454254.505267 6780836.475968 -2060.029785 9 11
454304.505267 6780836.475968 -2088.350342 10 11
454354.505267 6780836.475968 -2109.891602 11 11
454404.505267 6780836.475968 -2124.051758 12 11
454454.505267 6780836.475968 -2137.432861 13 11
454504.505267 6780836.475968 -2149.300781 14 11
454554.505267 6780836.475968 -2163.018311 15 11
454604.505267 6780836.475968 -2185.195313 16 11
454654.505267 6780836.475968 -2208.347656 17 11
454254.505267 6780886.475968 -2002.704224 9 12
454304.505267 6780886.475968 -2042.435181 10 12
454354.505267 6780886.475968 -2055.279297 11 12
454404.505267 6780886.475968 -2071.188477 12 12
454454.505267 6780886.475968 -2103.216553 13 12
454504.505267 6780886.475968 -2123.083496 14 12
454554.505267 6780886.475968 -2138.845459 15 12
454604.505267 6780886.475968 -2166.843506 16 12
454654.505267 6780886.475968 -2195.448486 17 12
454704.505267 6780886.475968 -2209.917969 18 12
454754.505267 6780886.475968 -2208.437012 19 12
454304.505267 6780936.475968 -1973.113403 10 13
454354.505267 6780936.475968 -1985.805176 11 13
454404.505267 6780936.475968 -2017.866455 12 13
454454.505267 6780936.475968 -2081.436523 13 13
454504.505267 6780936.475968 -2120.319092 14 13
454554.505267 6780936.475968 -2140.394531 15 13
454604.505267 6780936.475968 -2163.687500 16 13
454654.505267 6780936.475968 -2181.888916 17 13
454704.505267 6780936.475968 -2191.775635 18 13
454754.505267 6780936.475968 -2182.626953 19 13
454804.505267 6780936.475968 -2171.029785 20 13
454854.505267 6780936.475968 -2164.557861 21 13
454904.505267 6780936.475968 -2163.866455 22 13
454354.505267 6780986.475968 -1922.595581 11 14
454404.505267 6780986.475968 -1956.458740 12 14
454454.505267 6780986.475968 -2047.758667 13 14
454504.505267 6780986.475968 -2084.370361 14 14
454554.505267 6780986.475968 -2106.548584 15 14
454604.505267 6780986.475968 -2122.697998 16 14
454654.505267 6780986.475968 -2135.979736 17 14
454704.505267 6780986.475968 -2147.578125 18 14
454754.505267 6780986.475968 -2133.447021 19 14
454804.505267 6780986.475968 -2124.659668 20 14
454854.505267 6780986.475968 -2125.420166 21 14
454904.505267 6780986.475968 -2133.001221 22 14
454954.505267 6780986.475968 -2141.996094 23 14
455004.505267 6780986.475968 -2147.575684 24 14
455054.505267 6780986.475968 -2153.150391 25 14
454404.505267 6781036.475968 -1904.825684 12 15
454454.505267 6781036.475968 -1963.956787 13 15
454504.505267 6781036.475968 -1982.908813 14 15
454554.505267 6781036.475968 -2002.805298 15 15
454604.505267 6781036.475968 -2017.147339 16 15
454654.505267 6781036.475968 -2028.728516 17 15
454704.505267 6781036.475968 -2041.727295 18 15
454754.505267 6781036.475968 -2051.599609 19 15
454804.505267 6781036.475968 -2061.035156 20 15
454854.505267 6781036.475968 -2076.878174 21 15
454904.505267 6781036.475968 -2096.880615 22 15
454954.505267 6781036.475968 -2114.446045 23 15
455004.505267 6781036.475968 -2120.795654 24 15
455054.505267 6781036.475968 -2127.408936 25 15
455104.505267 6781036.475968 -2133.739014 26 15
455154.505267 6781036.475968 -2140.066162 27 15
455204.505267 6781036.475968 -2146.524658 28 15
454454.505267 6781086.475968 -1880.767822 13 16
454504.505267 6781086.475968 -1895.599365 14 16
454554.505267 6781086.475968 -1909.986572 15 16
454604.505267 6781086.475968 -1922.615356 16 16
454654.505267 6781086.475968 -1932.927856 17 16
454704.505267 6781086.475968 -1953.903687 18 16
454754.505267 6781086.475968 -1980.589355 19 16
454804.505267 6781086.475968 -2003.906006 20 16
454854.505267 6781086.475968 -2031.095581 21 16
454904.505267 6781086.475968 -2059.593018 22 16
454954.505267 6781086.475968 -2081.793213 23 16
455004.505267 6781086.475968 -2088.201416 24 16
455054.505267 6781086.475968 -2094.228027 25 16
455104.505267 6781086.475968 -2100.455566 26 16
455154.505267 6781086.475968 -2106.635254 27 16
455204.505267 6781086.475968 -2113.693604 28 16
455254.505267 6781086.475968 -2126.133545 29 16
455304.505267 6781086.475968 -2137.719482 30 16
455354.505267 6781086.475968 -2146.816895 31 16
454504.505267 6781136.475968 -1860.496704 14 17
454554.505267 6781136.475968 -1876.956055 15 17
454604.505267 6781136.475968 -1892.441650 16 17
454654.505267 6781136.475968 -1909.252075 17 17
454704.505267 6781136.475968 -1934.600708 18 17
454754.505267 6781136.475968 -1960.057251 19 17
454804.505267 6781136.475968 -1980.965210 20 17
454854.505267 6781136.475968 -2003.766846 21 17
454904.505267 6781136.475968 -2025.704712 22 17
454954.505267 6781136.475968 -2037.640137 23 17
455004.505267 6781136.475968 -2044.451416 24 17
455054.505267 6781136.475968 -2049.068359 25 17
455104.505267 6781136.475968 -2054.214600 26 17
455154.505267 6781136.475968 -2060.440918 27 17
455204.505267 6781136.475968 -2073.782227 28 17
455254.505267 6781136.475968 -2088.226563 29 17
455304.505267 6781136.475968 -2102.202393 30 17
455354.505267 6781136.475968 -2111.967041 31 17
455404.505267 6781136.475968 -2114.027100 32 17
455454.505267 6781136.475968 -2117.201660 33 17
454554.505267 6781186.475968 -1863.275635 15 18
454604.505267 6781186.475968 -1880.821899 16 18
454654.505267 6781186.475968 -1899.210938 17 18
454704.505267 6781186.475968 -1928.241333 18 18
454754.505267 6781186.475968 -1945.167236 19 18
454804.505267 6781186.475968 -1959.856812 20 18
454854.505267 6781186.475968 -1974.339966 21 18
454904.505267 6781186.475968 -1989.056030 22 18
454954.505267 6781186.475968 -1993.417480 23 18
455004.505267 6781186.475968 -1997.510498 24 18
455054.505267 6781186.475968 -2002.481445 25 18
455104.505267 6781186.475968 -2007.527100 26 18
455154.505267 6781186.475968 -2015.688354 27 18
455204.505267 6781186.475968 -2033.292725 28 18
455254.505267 6781186.475968 -2050.442383 29 18
455304.505267 6781186.475968 -2066.036621 30 18
455354.505267 6781186.475968 -2077.992676 31 18
455404.505267 6781186.475968 -2083.286621 32 18
455454.505267 6781186.475968 -2088.898682 33 18
455504.505267 6781186.475968 -2096.129639 34 18
455554.505267 6781186.475968 -2105.236084 35 18
455604.505267 6781186.475968 -2114.475830 36 18
454604.505267 6781236.475968 -1851.607056 16 19
454654.505267 6781236.475968 -1865.232544 17 19
454704.505267 6781236.475968 -1882.045532 18 19
454754.505267 6781236.475968 -1896.706421 19 19
454804.505267 6781236.475968 -1910.912109 20 19
454854.505267 6781236.475968 -1924.720459 21 19
454904.505267 6781236.475968 -1937.517944 22 19
454954.505267 6781236.475968 -1946.992188 23 19
455004.505267 6781236.475968 -1955.795654 24 19
455054.505267 6781236.475968 -1965.179688 25 19
455104.505267 6781236.475968 -1975.185669 26 19
455154.505267 6781236.475968 -1988.283691 27 19
455204.505267 6781236.475968 -2003.467407 28 19
455254.505267 6781236.475968 -2018.695801 29 19
455304.505267 6781236.475968 -2032.963013 30 19
455354.505267 6781236.475968 -2045.078613 31 19
455404.505267 6781236.475968 -2054.031982 32 19
455454.505267 6781236.475968 -2062.389648 33 19
455504.505267 6781236.475968 -2072.517334 34 19
455554.505267 6781236.475968 -2083.973145 35 19
455604.505267 6781236.475968 -2095.174316 36 19
455654.505267 6781236.475968 -2104.606934 37 19
454604.505267 6781286.475968 -1822.071777 16 20
454654.505267 6781286.475968 -1828.759888 17 20
454704.505267 6781286.475968 -1833.227173 18 20
454754.505267 6781286.475968 -1848.665649 19 20
454804.505267 6781286.475968 -1863.602905 20 20
454854.505267 6781286.475968 -1878.632935 21 20
454904.505267 6781286.475968 -1893.740723 22 20
454954.505267 6781286.475968 -1909.045776 23 20
455004.505267 6781286.475968 -1924.536865 24 20
455054.505267 6781286.475968 -1940.154175 25 20
455104.505267 6781286.475968 -1955.792725 26 20
455154.505267 6781286.475968 -1971.314331 27 20
455204.505267 6781286.475968 -1984.309692 28 20
455254.505267 6781286.475968 -1995.423584 29 20
455304.505267 6781286.475968 -2006.686646 30 20
455354.505267 6781286.475968 -2018.002075 31 20
455404.505267 6781286.475968 -2029.699219 32 20
455454.505267 6781286.475968 -2041.529907 33 20
455504.505267 6781286.475968 -2053.150879 34 20
455554.505267 6781286.475968 -2064.707031 35 20
455604.505267 6781286.475968 -2076.482178 36 20
455654.505267 6781286.475968 -2087.852051 37 20
455704.505267 6781286.475968 -2089.642822 38 20
454604.505267 6781336.475968 -1805.636719 16 21
454654.505267 6781336.475968 -1814.029419 17 21
454704.505267 6781336.475968 -1820.932983 18 21
454754.505267 6781336.475968 -1835.042236 19 21
454804.505267 6781336.475968 -1849.065308 20 21
454854.505267 6781336.475968 -1864.616089 21 21
454904.505267 6781336.475968 -1880.654541 22 21
454954.505267 6781336.475968 -1897.161865 23 21
455004.505267 6781336.475968 -1915.699707 24 21
455054.505267 6781336.475968 -1934.003784 25 21
455104.505267 6781336.475968 -1952.406616 26 21
455154.505267 6781336.475968 -1964.344238 27 21
455204.505267 6781336.475968 -1975.631104 28 21
455254.505267 6781336.475968 -1985.395996 29 21
455304.505267 6781336.475968 -1995.464844 30 21
455354.505267 6781336.475968 -2003.561523 31 21
455404.505267 6781336.475968 -2012.522217 32 21
455454.505267 6781336.475968 -2021.621338 33 21
455504.505267 6781336.475968 -2029.749268 34 21
455554.505267 6781336.475968 -2040.404175 35 21
455604.505267 6781336.475968 -2052.930176 36 21
455654.505267 6781336.475968 -2062.386719 37 21
455704.505267 6781336.475968 -2066.997070 38 21
455754.505267 6781336.475968 -2073.217529 39 21
454654.505267 6781386.475968 -1814.205200 17 22
454704.505267 6781386.475968 -1826.983154 18 22
454754.505267 6781386.475968 -1839.865112 19 22
454804.505267 6781386.475968 -1852.889404 20 22
454854.505267 6781386.475968 -1868.728027 21 22
454904.505267 6781386.475968 -1884.494873 22 22
454954.505267 6781386.475968 -1900.374512 23 22
455004.505267 6781386.475968 -1919.321899 24 22
455054.505267 6781386.475968 -1938.713867 25 22
455104.505267 6781386.475968 -1956.051636 26 22
455154.505267 6781386.475968 -1964.589966 27 22
455204.505267 6781386.475968 -1973.192505 28 22
455254.505267 6781386.475968 -1982.093140 29 22
455304.505267 6781386.475968 -1991.049072 30 22
455354.505267 6781386.475968 -1996.004395 31 22
455404.505267 6781386.475968 -1999.859619 32 22
455454.505267 6781386.475968 -2003.737427 33 22
455504.505267 6781386.475968 -2007.075439 34 22
455554.505267 6781386.475968 -2016.278076 35 22
455604.505267 6781386.475968 -2029.256226 36 22
455654.505267 6781386.475968 -2037.558716 37 22
455704.505267 6781386.475968 -2046.856567 38 22
455754.505267 6781386.475968 -2056.238037 39 22
455804.505267 6781386.475968 -2061.366943 40 22
454654.505267 6781436.475968 -1815.942017 17 23
454704.505267 6781436.475968 -1831.776733 18 23
454754.505267 6781436.475968 -1846.476807 19 23
454804.505267 6781436.475968 -1861.882568 20 23
454854.505267 6781436.475968 -1877.684326 21 23
454904.505267 6781436.475968 -1892.630737 22 23
454954.505267 6781436.475968 -1907.385620 23 23
455004.505267 6781436.475968 -1922.934082 24 23
455054.505267 6781436.475968 -1938.806152 25 23
455104.505267 6781436.475968 -1950.803589 26 23
455154.505267 6781436.475968 -1960.163940 27 23
455204.505267 6781436.475968 -1967.787231 28 23
455254.505267 6781436.475968 -1974.880981 29 23
455304.505267 6781436.475968 -1981.828003 30 23
455354.505267 6781436.475968 -1987.159302 31 23
455404.505267 6781436.475968 -1992.143677 32 23
455454.505267 6781436.475968 -1997.290894 33 23
455504.505267 6781436.475968 -2002.688354 34 23
455554.505267 6781436.475968 -2009.507690 35 23
455604.505267 6781436.475968 -2017.893433 36 23
455654.505267 6781436.475968 -2024.985718 37 23
455704.505267 6781436.475968 -2032.929688 38 23
455754.505267 6781436.475968 -2041.146484 39 23
455804.505267 6781436.475968 -2045.782471 40 23
454654.505267 6781486.475968 -1812.431274 17 24
454704.505267 6781486.475968 -1830.991943 18 24
454754.505267 6781486.475968 -1849.297607 19 24
454804.505267 6781486.475968 -1867.183838 20 24
454854.505267 6781486.475968 -1884.629150 21 24
454904.505267 6781486.475968 -1900.822876 22 24
454954.505267 6781486.475968 -1913.375244 23 24
455004.505267 6781486.475968 -1925.983887 24 24
455054.505267 6781486.475968 -1937.750610 25 24
455104.505267 6781486.475968 -1945.958618 26 24
455154.505267 6781486.475968 -1954.339600 27 24
455204.505267 6781486.475968 -1962.610596 28 24
455254.505267 6781486.475968 -1970.555176 29 24
455304.505267 6781486.475968 -1978.378052 30 24
455354.505267 6781486.475968 -1983.946045 31 24
455404.505267 6781486.475968 -1989.501099 32 24
455454.505267 6781486.475968 -1995.062866 33 24
455504.505267 6781486.475968 -2000.595093 34 24
455554.505267 6781486.475968 -2005.892090 35 24
455604.505267 6781486.475968 -2011.655151 36 24
455654.505267 6781486.475968 -2017.571533 37 24
455704.505267 6781486.475968 -2024.047607 38 24
455754.505267 6781486.475968 -2030.942139 39 24
454704.505267 6781536.475968 -1816.578369 18 25
454754.505267 6781536.475968 -1826.127686 19 25
454804.505267 6781536.475968 -1834.541992 20 25
454854.505267 6781536.475968 -1845.246826 21 25
454904.505267 6781536.475968 -1877.482788 22 25
454954.505267 6781536.475968 -1909.186890 23 25
455004.505267 6781536.475968 -1923.522705 24 25
455054.505267 6781536.475968 -1937.775635 25 25
455104.505267 6781536.475968 -1953.987427 26 25
455154.505267 6781536.475968 -1971.825317 27 25
455204.505267 6781536.475968 -1986.898193 28 25
455254.505267 6781536.475968 -1986.887329 29 25
455304.505267 6781536.475968 -1987.982910 30 25
455354.505267 6781536.475968 -1990.413208 31 25
455404.505267 6781536.475968 -1993.861816 32 25
455454.505267 6781536.475968 -1997.647949 33 25
455504.505267 6781536.475968 -2001.487427 34 25
455554.505267 6781536.475968 -2005.311890 35 25
455604.505267 6781536.475968 -2009.576904 36 25
455654.505267 6781536.475968 -2014.432861 37 25
455704.505267 6781536.475968 -2019.858032 38 25
455754.505267 6781536.475968 -2025.192749 39 25
454704.505267 6781586.475968 -1792.702026 18 26
454754.505267 6781586.475968 -1794.265137 19 26
454804.505267 6781586.475968 -1797.011719 20 26
454854.505267 6781586.475968 -1809.795654 21 26
454904.505267 6781586.475968 -1849.181396 22 26
454954.505267 6781586.475968 -1892.117920 23 26
455004.505267 6781586.475968 -1917.152832 24 26
455054.505267 6781586.475968 -1938.380737 25 26
455104.505267 6781586.475968 -1960.024902 26 26
455154.505267 6781586.475968 -1982.835571 27 26
455204.505267 6781586.475968 -2001.341309 28 26
455254.505267 6781586.475968 -2000.858765 29 26
455304.505267 6781586.475968 -1999.947021 30 26
455354.505267 6781586.475968 -2001.414429 31 26
455404.505267 6781586.475968 -2003.616943 32 26
455454.505267 6781586.475968 -2005.684814 33 26
455504.505267 6781586.475968 -2007.616943 34 26
455554.505267 6781586.475968 -2009.729004 35 26
455604.505267 6781586.475968 -2012.445068 36 26
455654.505267 6781586.475968 -2015.930786 37 26
455704.505267 6781586.475968 -2019.996216 38 26
454704.505267 6781636.475968 -1774.208130 18 27
454754.505267 6781636.475968 -1772.960938 19 27
454804.505267 6781636.475968 -1774.711304 20 27
454854.505267 6781636.475968 -1800.826538 21 27
454904.505267 6781636.475968 -1835.139160 22 27
454954.505267 6781636.475968 -1874.006714 23 27
455004.505267 6781636.475968 -1917.826294 24 27
455054.505267 6781636.475968 -1938.252441 25 27
455104.505267 6781636.475968 -1957.198486 26 27
455154.505267 6781636.475968 -1975.766357 27 27
455204.505267 6781636.475968 -1991.871704 28 27
455254.505267 6781636.475968 -2004.143066 29 27
455304.505267 6781636.475968 -2010.353638 30 27
455354.505267 6781636.475968 -2014.568848 31 27
455404.505267 6781636.475968 -2017.385864 32 27
455454.505267 6781636.475968 -2018.600586 33 27
455504.505267 6781636.475968 -2019.006348 34 27
455554.505267 6781636.475968 -2019.461426 35 27
454754.505267 6781686.475968 -1770.410156 19 28
454804.505267 6781686.475968 -1777.071899 20 28
454854.505267 6781686.475968 -1807.890503 21 28
454904.505267 6781686.475968 -1841.920776 22 28
454954.505267 6781686.475968 -1878.019165 23 28
455004.505267 6781686.475968 -1922.074097 24 28
455054.505267 6781686.475968 -1942.184692 25 28
455104.505267 6781686.475968 -1959.638306 26 28
455154.505267 6781686.475968 -1977.082520 27 28
455204.505267 6781686.475968 -1994.385742 28 28
455254.505267 6781686.475968 -2011.082031 29 28
455304.505267 6781686.475968 -2022.745850 30 28
455354.505267 6781686.475968 -2029.689697 31 28
455404.505267 6781686.475968 -2033.959961 32 28
455454.505267 6781686.475968 -2034.833252 33 28
454754.505267 6781736.475968 -1787.526733 19 29
454804.505267 6781736.475968 -1810.846191 20 29
454854.505267 6781736.475968 -1840.770874 21 29
454904.505267 6781736.475968 -1871.631714 22 29
454954.505267 6781736.475968 -1899.512329 23 29
455004.505267 6781736.475968 -1927.562012 24 29
455054.505267 6781736.475968 -1948.837891 25 29
455104.505267 6781736.475968 -1968.121460 26 29
455154.505267 6781736.475968 -1986.535278 27 29
455204.505267 6781736.475968 -2004.383911 28 29
455254.505267 6781736.475968 -2021.219482 29 29
455304.505267 6781736.475968 -2035.503540 30 29
455354.505267 6781736.475968 -2044.282349 31 29
454704.505267 6781786.475968 -1782.174683 18 30
454754.505267 6781786.475968 -1800.951538 19 30
454804.505267 6781786.475968 -1831.024292 20 30
454854.505267 6781786.475968 -1860.430664 21 30
454904.505267 6781786.475968 -1888.284546 22 30
454954.505267 6781786.475968 -1912.587769 23 30
455004.505267 6781786.475968 -1935.642456 24 30
455054.505267 6781786.475968 -1954.581421 25 30
455104.505267 6781786.475968 -1973.796631 26 30
455154.505267 6781786.475968 -1991.671143 27 30
455204.505267 6781786.475968 -2008.804932 28 30
455254.505267 6781786.475968 -2025.948486 29 30
454704.505267 6781836.475968 -1791.091797 18 31
454754.505267 6781836.475968 -1808.806396 19 31
454804.505267 6781836.475968 -1833.261108 20 31
454854.505267 6781836.475968 -1857.820801 21 31
454904.505267 6781836.475968 -1880.842896 22 31
454954.505267 6781836.475968 -1919.731567 23 31
455004.505267 6781836.475968 -1939.342651 24 31
455054.505267 6781836.475968 -1959.346924 25 31
455104.505267 6781836.475968 -1978.392456 26 31
455154.505267 6781836.475968 -1992.235229 27 31
455204.505267 6781836.475968 -2006.231934 28 31
455254.505267 6781836.475968 -2022.133911 29 31
454704.505267 6781886.475968 -1805.691895 18 32
454754.505267 6781886.475968 -1820.185303 19 32
454804.505267 6781886.475968 -1840.013794 20 32
454854.505267 6781886.475968 -1859.182495 21 32
454904.505267 6781886.475968 -1879.022827 22 32
454954.505267 6781886.475968 -1922.792114 23 32
455004.505267 6781886.475968 -1943.095337 24 32
455054.505267 6781886.475968 -1962.647217 25 32
455104.505267 6781886.475968 -1981.242188 26 32
455154.505267 6781886.475968 -1993.018677 27 32
455204.505267 6781886.475968 -2004.709351 28 32
455254.505267 6781886.475968 -2018.994263 29 32
454654.505267 6781936.475968 -1823.734741 17 33
454704.505267 6781936.475968 -1829.101929 18 33
454754.505267 6781936.475968 -1840.124878 19 33
454804.505267 6781936.475968 -1855.356079 20 33
454854.505267 6781936.475968 -1872.116943 21 33
454904.505267 6781936.475968 -1892.393188 22 33
454954.505267 6781936.475968 -1922.566650 23 33
455004.505267 6781936.475968 -1944.755615 24 33
455054.505267 6781936.475968 -1964.048706 25 33
455104.505267 6781936.475968 -1981.052002 26 33
455154.505267 6781936.475968 -1994.210693 27 33
455204.505267 6781936.475968 -2006.725708 28 33
455254.505267 6781936.475968 -2020.978394 29 33
454654.505267 6781986.475968 -1849.416504 17 34
454704.505267 6781986.475968 -1855.597046 18 34
454754.505267 6781986.475968 -1864.430054 19 34
454804.505267 6781986.475968 -1876.012207 20 34
454854.505267 6781986.475968 -1889.595947 21 34
454904.505267 6781986.475968 -1905.925293 22 34
454954.505267 6781986.475968 -1926.503174 23 34
455004.505267 6781986.475968 -1945.110474 24 34
455054.505267 6781986.475968 -1962.920776 25 34
455104.505267 6781986.475968 -1979.236206 26 34
455154.505267 6781986.475968 -1993.479004 27 34
455204.505267 6781986.475968 -2007.253662 28 34
455254.505267 6781986.475968 -2021.920776 29 34
454604.505267 6782036.475968 -1864.874512 16 35
454654.505267 6782036.475968 -1874.055664 17 35
454704.505267 6782036.475968 -1881.264404 18 35
454754.505267 6782036.475968 -1888.850708 19 35
454804.505267 6782036.475968 -1897.728882 20 35
454854.505267 6782036.475968 -1907.490234 21 35
454904.505267 6782036.475968 -1917.865723 22 35
454954.505267 6782036.475968 -1930.378662 23 35
455004.505267 6782036.475968 -1944.102661 24 35
455054.505267 6782036.475968 -1959.172974 25 35
455104.505267 6782036.475968 -1974.599976 26 35
455154.505267 6782036.475968 -1989.542236 27 35
455204.505267 6782036.475968 -2004.316406 28 35
455254.505267 6782036.475968 -2019.456665 29 35
454554.505267 6782086.475968 -1861.389648 15 36
454604.505267 6782086.475968 -1881.368164 16 36
454654.505267 6782086.475968 -1893.487305 17 36
454704.505267 6782086.475968 -1901.479004 18 36
454754.505267 6782086.475968 -1908.655518 19 36
454804.505267 6782086.475968 -1916.257202 20 36
454854.505267 6782086.475968 -1923.003906 21 36
454904.505267 6782086.475968 -1926.751099 22 36
454954.505267 6782086.475968 -1931.664185 23 36
455004.505267 6782086.475968 -1940.126465 24 36
455054.505267 6782086.475968 -1952.393066 25 36
455104.505267 6782086.475968 -1966.956665 26 36
455154.505267 6782086.475968 -1982.318115 27 36
455204.505267 6782086.475968 -1997.907227 28 36
455254.505267 6782086.475968 -2013.620483 29 36
454554.505267 6782136.475968 -1861.407227 15 37
454604.505267 6782136.475968 -1889.546143 16 37
454654.505267 6782136.475968 -1902.298096 17 37
454704.505267 6782136.475968 -1910.276123 18 37
454754.505267 6782136.475968 -1917.535522 19 37
454804.505267 6782136.475968 -1926.057373 20 37
454854.505267 6782136.475968 -1932.802734 21 37
454904.505267 6782136.475968 -1930.237671 22 37
454954.505267 6782136.475968 -1928.071533 23 37
455004.505267 6782136.475968 -1932.122925 24 37
455054.505267 6782136.475968 -1942.658325 25 37
455104.505267 6782136.475968 -1957.008057 26 37
455154.505267 6782136.475968 -1972.912964 27 37
455204.505267 6782136.475968 -1989.275513 28 37
455254.505267 6782136.475968 -2005.633789 29 37
455304.505267 6782136.475968 -2021.644165 30 37
454504.505267 6782186.475968 -1817.405396 14 38
454554.505267 6782186.475968 -1847.599365 15 38
454604.505267 6782186.475968 -1884.293457 16 38
454654.505267 6782186.475968 -1892.788452 17 38
454704.505267 6782186.475968 -1900.769287 18 38
454754.505267 6782186.475968 -1908.224365 19 38
454804.505267 6782186.475968 -1920.183228 20 38
454854.505267 6782186.475968 -1932.721558 21 38
454904.505267 6782186.475968 -1923.736084 22 38
454954.505267 6782186.475968 -1917.493652 23 38
455004.505267 6782186.475968 -1920.061279 24 38
455054.505267 6782186.475968 -1931.235840 25 38
455104.505267 6782186.475968 -1946.496826 26 38
455154.505267 6782186.475968 -1963.195435 27 38
455204.505267 6782186.475968 -1980.241821 28 38
455254.505267 6782186.475968 -1997.173950 29 38
455304.505267 6782186.475968 -2013.677246 30 38
454354.505267 6782236.475968 -1793.479492 11 39
454404.505267 6782236.475968 -1790.720581 12 39
454454.505267 6782236.475968 -1789.607910 13 39
454504.505267 6782236.475968 -1795.893921 14 39
454554.505267 6782236.475968 -1816.205566 15 39
454604.505267 6782236.475968 -1839.008911 16 39
454654.505267 6782236.475968 -1842.922974 17 39
454704.505267 6782236.475968 -1852.274292 18 39
454754.505267 6782236.475968 -1860.086182 19 39
454804.505267 6782236.475968 -1871.726563 20 39
454854.505267 6782236.475968 -1888.230591 21 39
454904.505267 6782236.475968 -1896.448120 22 39
454954.505267 6782236.475968 -1899.769409 23 39
455004.505267 6782236.475968 -1906.681152 24 39
455054.505267 6782236.475968 -1921.493896 25 39
455104.505267 6782236.475968 -1938.259155 26 39
455154.505267 6782236.475968 -1955.432129 27 39
455204.505267 6782236.475968 -1972.712280 28 39
455254.505267 6782236.475968 -1989.876587 29 39
455304.505267 6782236.475968 -2006.753296 30 39
454304.505267 6782286.475968 -1798.792114 10 40
454354.505267 6782286.475968 -1797.458374 11 40
454404.505267 6782286.475968 -1795.238159 12 40
454454.505267 6782286.475968 -1790.449951 13 40
454504.505267 6782286.475968 -1785.879395 14 40
454554.505267 6782286.475968 -1797.824707 15 40
454604.505267 6782286.475968 -1809.631958 16 40
454654.505267 6782286.475968 -1821.378418 17 40
454704.505267 6782286.475968 -1833.041138 18 40
454754.505267 6782286.475968 -1845.164795 19 40
454804.505267 6782286.475968 -1857.419922 20 40
454854.505267 6782286.475968 -1868.633789 21 40
454904.505267 6782286.475968 -1879.638306 22 40
454954.505267 6782286.475968 -1891.466187 23 40
455004.505267 6782286.475968 -1903.314819 24 40
455054.505267 6782286.475968 -1919.135010 25 40
455104.505267 6782286.475968 -1935.448730 26 40
455154.505267 6782286.475968 -1951.693726 27 40
455204.505267 6782286.475968 -1968.290161 28 40
455254.505267 6782286.475968 -1985.316772 29 40
455304.505267 6782286.475968 -2002.198730 30 40
454304.505267 6782336.475968 -1804.195557 10 41
454354.505267 6782336.475968 -1807.411865 11 41
454404.505267 6782336.475968 -1812.340332 12 41
454454.505267 6782336.475968 -1815.100342 13 41
454504.505267 6782336.475968 -1817.819824 14 41
454554.505267 6782336.475968 -1829.718750 15 41
454604.505267 6782336.475968 -1868.918335 16 41
454654.505267 6782336.475968 -1885.193604 17 41
454704.505267 6782336.475968 -1899.984985 18 41
454754.505267 6782336.475968 -1922.854126 19 41
454804.505267 6782336.475968 -1939.864380 20 41
454854.505267 6782336.475968 -1943.462524 21 41
454904.505267 6782336.475968 -1924.141479 22 41
454954.505267 6782336.475968 -1913.791626 23 41
455004.505267 6782336.475968 -1915.194336 24 41
455054.505267 6782336.475968 -1924.587891 25 41
455104.505267 6782336.475968 -1937.719238 26 41
455154.505267 6782336.475968 -1952.319580 27 41
455204.505267 6782336.475968 -1967.745972 28 41
455254.505267 6782336.475968 -1983.897217 29 41
455304.505267 6782336.475968 -1999.850952 30 41
454304.505267 6782386.475968 -1810.104004 10 42
454354.505267 6782386.475968 -1819.005005 11 42
454404.505267 6782386.475968 -1834.837891 12 42
454454.505267 6782386.475968 -1850.138550 13 42
454504.505267 6782386.475968 -1871.707397 14 42
454554.505267 6782386.475968 -1896.639282 15 42
454604.505267 6782386.475968 -1919.940918 16 42
454654.505267 6782386.475968 -1933.674683 17 42
454704.505267 6782386.475968 -1947.013916 18 42
454754.505267 6782386.475968 -1971.445435 19 42
454804.505267 6782386.475968 -1991.258301 20 42
454854.505267 6782386.475968 -2002.707397 21 42
454904.505267 6782386.475968 -1964.189453 22 42
454954.505267 6782386.475968 -1936.941772 23 42
455004.505267 6782386.475968 -1929.454834 24 42
455054.505267 6782386.475968 -1933.301758 25 42
455104.505267 6782386.475968 -1943.440674 26 42
455154.505267 6782386.475968 -1956.094971 27 42
455204.505267 6782386.475968 -1969.938354 28 42
455254.505267 6782386.475968 -1984.960938 29 42
455304.505267 6782386.475968 -1999.634644 30 42
454304.505267 6782436.475968 -1815.322266 10 43
454354.505267 6782436.475968 -1827.871582 11 43
454404.505267 6782436.475968 -1846.384766 12 43
454454.505267 6782436.475968 -1864.364380 13 43
454504.505267 6782436.475968 -1886.235474 14 43
454554.505267 6782436.475968 -1904.370483 15 43
454604.505267 6782436.475968 -1911.032349 16 43
454654.505267 6782436.475968 -1920.386597 17 43
454704.505267 6782436.475968 -1929.963135 18 43
454754.505267 6782436.475968 -1943.840210 19 43
454804.505267 6782436.475968 -1957.328613 20 43
454854.505267 6782436.475968 -1966.326416 21 43
454904.505267 6782436.475968 -1951.504639 22 43
454954.505267 6782436.475968 -1939.885620 23 43
455004.505267 6782436.475968 -1937.720337 24 43
455054.505267 6782436.475968 -1940.978394 25 43
455104.505267 6782436.475968 -1950.476318 26 43
455154.505267 6782436.475968 -1961.830566 27 43
455204.505267 6782436.475968 -1973.868408 28 43
455254.505267 6782436.475968 -1987.964722 29 43
455304.505267 6782436.475968 -2001.513062 30 43
454304.505267 6782486.475968 -1820.758057 10 44
454354.505267 6782486.475968 -1833.380981 11 44
454404.505267 6782486.475968 -1845.989380 12 44
454454.505267 6782486.475968 -1858.637207 13 44
454504.505267 6782486.475968 -1869.686157 14 44
454554.505267 6782486.475968 -1877.120361 15 44
454604.505267 6782486.475968 -1884.807739 16 44
454654.505267 6782486.475968 -1892.509399 17 44
454704.505267 6782486.475968 -1899.560547 18 44
454754.505267 6782486.475968 -1906.272949 19 44
454804.505267 6782486.475968 -1912.993774 20 44
454854.505267 6782486.475968 -1919.581177 21 44
454904.505267 6782486.475968 -1926.672241 22 44
454954.505267 6782486.475968 -1934.033081 23 44
455004.505267 6782486.475968 -1940.948120 24 44
455054.505267 6782486.475968 -1947.493652 25 44
455104.505267 6782486.475968 -1957.881592 26 44
455154.505267 6782486.475968 -1968.736084 27 44
455204.505267 6782486.475968 -1979.506226 28 44
455254.505267 6782486.475968 -1992.199829 29 44
455304.505267 6782486.475968 -2004.306396 30 44
454304.505267 6782536.475968 -1812.083252 10 45
454354.505267 6782536.475968 -1822.171143 11 45
454404.505267 6782536.475968 -1832.031738 12 45
454454.505267 6782536.475968 -1843.728149 13 45
454504.505267 6782536.475968 -1853.972534 14 45
454554.505267 6782536.475968 -1862.601929 15 45
454604.505267 6782536.475968 -1865.824097 16 45
454654.505267 6782536.475968 -1870.908203 17 45
454704.505267 6782536.475968 -1876.251343 18 45
454754.505267 6782536.475968 -1882.504150 19 45
454804.505267 6782536.475968 -1888.697266 20 45
454854.505267 6782536.475968 -1899.791016 21 45
454904.505267 6782536.475968 -1912.763550 22 45
454954.505267 6782536.475968 -1926.408936 23 45
455004.505267 6782536.475968 -1939.352661 24 45
455054.505267 6782536.475968 -1952.040894 25 45
455104.505267 6782536.475968 -1964.702637 26 45
455154.505267 6782536.475968 -1975.286743 27 45
455204.505267 6782536.475968 -1984.756592 28 45
455254.505267 6782536.475968 -1995.872437 29 45
455304.505267 6782536.475968 -2006.661987 30 45
454304.505267 6782586.475968 -1792.864136 10 46
454354.505267 6782586.475968 -1797.995239 11 46
454404.505267 6782586.475968 -1809.138062 12 46
454454.505267 6782586.475968 -1823.267700 13 46
454504.505267 6782586.475968 -1837.012329 14 46
454554.505267 6782586.475968 -1850.136963 15 46
454604.505267 6782586.475968 -1857.833130 16 46
454654.505267 6782586.475968 -1865.820557 17 46
454704.505267 6782586.475968 -1873.941406 18 46
454754.505267 6782586.475968 -1882.054321 19 46
454804.505267 6782586.475968 -1890.149414 20 46
454854.505267 6782586.475968 -1903.867676 21 46
454904.505267 6782586.475968 -1918.057617 22 46
454954.505267 6782586.475968 -1930.874023 23 46
455004.505267 6782586.475968 -1943.341064 24 46
455054.505267 6782586.475968 -1956.056519 25 46
455104.505267 6782586.475968 -1968.993164 26 46
455154.505267 6782586.475968 -1979.450195 27 46
455204.505267 6782586.475968 -1988.584595 28 46
455254.505267 6782586.475968 -1998.706299 29 46
455304.505267 6782586.475968 -2009.067627 30 46
454354.505267 6782636.475968 -1779.213013 11 47
454404.505267 6782636.475968 -1790.037720 12 47
454454.505267 6782636.475968 -1805.036987 13 47
454504.505267 6782636.475968 -1823.137329 14 47
454554.505267 6782636.475968 -1840.978516 15 47
454604.505267 6782636.475968 -1856.584106 16 47
454654.505267 6782636.475968 -1871.491699 17 47
454704.505267 6782636.475968 -1886.568359 18 47
454754.505267 6782636.475968 -1896.915894 19 47
454804.505267 6782636.475968 -1907.583008 20 47
454854.505267 6782636.475968 -1919.790894 21 47
454904.505267 6782636.475968 -1932.537109 22 47
454954.505267 6782636.475968 -1942.008789 23 47
455004.505267 6782636.475968 -1950.708374 24 47
455054.505267 6782636.475968 -1959.820801 25 47
455104.505267 6782636.475968 -1969.583618 26 47
455154.505267 6782636.475968 -1980.653442 27 47
455204.505267 6782636.475968 -1991.000122 28 47
455254.505267 6782636.475968 -2000.361450 29 47
455304.505267 6782636.475968 -2010.484985 30 47
454354.505267 6782686.475968 -1759.807495 11 48
454404.505267 6782686.475968 -1768.581177 12 48
454454.505267 6782686.475968 -1787.057617 13 48
454504.505267 6782686.475968 -1808.265991 14 48
454554.505267 6782686.475968 -1829.039917 15 48
454604.505267 6782686.475968 -1849.022827 16 48
454654.505267 6782686.475968 -1868.869873 17 48
454704.505267 6782686.475968 -1888.789673 18 48
454754.505267 6782686.475968 -1901.488892 19 48
454804.505267 6782686.475968 -1913.835327 20 48
454854.505267 6782686.475968 -1926.109497 21 48
454904.505267 6782686.475968 -1938.833252 22 48
454954.505267 6782686.475968 -1948.135742 23 48
455004.505267 6782686.475968 -1955.624268 24 48
455054.505267 6782686.475968 -1962.886963 25 48
455104.505267 6782686.475968 -1971.459106 26 48
455154.505267 6782686.475968 -1982.739868 27 48
455204.505267 6782686.475968 -1993.522949 28 48
455254.505267 6782686.475968 -2002.015991 29 48
454354.505267 6782736.475968 -1743.210571 11 49
454404.505267 6782736.475968 -1752.093262 12 49
454454.505267 6782736.475968 -1770.450562 13 49
454504.505267 6782736.475968 -1789.789063 14 49
454554.505267 6782736.475968 -1809.473267 15 49
454604.505267 6782736.475968 -1828.723145 16 49
454654.505267 6782736.475968 -1847.855591 17 49
454704.505267 6782736.475968 -1865.953613 18 49
454754.505267 6782736.475968 -1881.517944 19 49
454804.505267 6782736.475968 -1896.341919 20 49
454854.505267 6782736.475968 -1910.921509 21 49
454904.505267 6782736.475968 -1926.806641 22 49
454954.505267 6782736.475968 -1942.254395 23 49
455004.505267 6782736.475968 -1956.165894 24 49
455054.505267 6782736.475968 -1965.052246 25 49
455104.505267 6782736.475968 -1975.351929 26 49
455154.505267 6782736.475968 -1986.389648 27 49
455204.505267 6782736.475968 -1998.211426 28 49
454354.505267 6782786.475968 -1731.094116 11 50
454404.505267 6782786.475968 -1741.224243 12 50
454454.505267 6782786.475968 -1756.948975 13 50
454504.505267 6782786.475968 -1774.169434 14 50
454554.505267 6782786.475968 -1791.221069 15 50
454604.505267 6782786.475968 -1808.286377 16 50
454654.505267 6782786.475968 -1825.316772 17 50
454704.505267 6782786.475968 -1842.031860 18 50
454754.505267 6782786.475968 -1858.742432 19 50
454804.505267 6782786.475968 -1875.556885 20 50
454854.505267 6782786.475968 -1892.128906 21 50
454904.505267 6782786.475968 -1911.349609 22 50
454954.505267 6782786.475968 -1932.799072 23 50
455004.505267 6782786.475968 -1951.598633 24 50
455054.505267 6782786.475968 -1963.637207 25 50
455104.505267 6782786.475968 -1975.826904 26 50
455154.505267 6782786.475968 -1987.973389 27 50
455204.505267 6782786.475968 -2001.041870 28 50
454354.505267 6782836.475968 -1723.555786 11 51
454404.505267 6782836.475968 -1733.850586 12 51
454454.505267 6782836.475968 -1748.995483 13 51
454504.505267 6782836.475968 -1766.432373 14 51
454554.505267 6782836.475968 -1782.440918 15 51
454604.505267 6782836.475968 -1798.757446 16 51
454654.505267 6782836.475968 -1815.437500 17 51
454704.505267 6782836.475968 -1832.277344 18 51
454754.505267 6782836.475968 -1849.287354 19 51
454804.505267 6782836.475968 -1866.478271 20 51
454854.505267 6782836.475968 -1883.847046 21 51
454904.505267 6782836.475968 -1902.803223 22 51
454954.505267 6782836.475968 -1922.539185 23 51
455004.505267 6782836.475968 -1940.712891 24 51
455054.505267 6782836.475968 -1956.880371 25 51
455104.505267 6782836.475968 -1972.353149 26 51
455154.505267 6782836.475968 -1985.195313 27 51
455204.505267 6782836.475968 -1996.629395 28 51
454354.505267 6782886.475968 -1721.490112 11 52
454404.505267 6782886.475968 -1732.161743 12 52
454454.505267 6782886.475968 -1748.360229 13 52
454504.505267 6782886.475968 -1765.515747 14 52
454554.505267 6782886.475968 -1781.452271 15 52
454604.505267 6782886.475968 -1797.724731 16 52
454654.505267 6782886.475968 -1813.876709 17 52
454704.505267 6782886.475968 -1829.958740 18 52
454754.505267 6782886.475968 -1845.974365 19 52
454804.505267 6782886.475968 -1861.924805 20 52
454854.505267 6782886.475968 -1877.738647 21 52
454904.505267 6782886.475968 -1894.194336 22 52
454954.505267 6782886.475968 -1910.727051 23 52
455004.505267 6782886.475968 -1927.268066 24 52
455054.505267 6782886.475968 -1943.992920 25 52
455104.505267 6782886.475968 -1960.614136 26 52
455154.505267 6782886.475968 -1973.465332 27 52
455204.505267 6782886.475968 -1986.945068 28 52
454404.505267 6782936.475968 -1735.145752 12 53
454454.505267 6782936.475968 -1751.200684 13 53
454504.505267 6782936.475968 -1769.803833 14 53
454554.505267 6782936.475968 -1787.793213 15 53
454604.505267 6782936.475968 -1805.503784 16 53
454654.505267 6782936.475968 -1818.777344 17 53
454704.505267 6782936.475968 -1831.585205 18 53
454754.505267 6782936.475968 -1844.128418 19 53
454804.505267 6782936.475968 -1856.602051 20 53
454854.505267 6782936.475968 -1869.159912 21 53
454904.505267 6782936.475968 -1882.334351 22 53
454954.505267 6782936.475968 -1896.253296 23 53
455004.505267 6782936.475968 -1910.411133 24 53
455054.505267 6782936.475968 -1923.863770 25 53
455104.505267 6782936.475968 -1936.672363 26 53
455154.505267 6782936.475968 -1949.107910 27 53
455204.505267 6782936.475968 -1961.389771 28 53
454404.505267 6782986.475968 -1743.601685 12 54
454454.505267 6782986.475968 -1759.240356 13 54
454504.505267 6782986.475968 -1778.855225 14 54
454554.505267 6782986.475968 -1798.052246 15 54
454604.505267 6782986.475968 -1817.513550 16 54
454654.505267 6782986.475968 -1828.269653 17 54
454704.505267 6782986.475968 -1838.406006 18 54
454754.505267 6782986.475968 -1848.582397 19 54
454804.505267 6782986.475968 -1858.780884 20 54
454854.505267 6782986.475968 -1868.838135 21 54
454904.505267 6782986.475968 -1880.075928 22 54
454954.505267 6782986.475968 -1891.844360 23 54
455004.505267 6782986.475968 -1903.637817 24 54
455054.505267 6782986.475968 -1914.151855 25 54
455104.505267 6782986.475968 -1923.802856 26 54
455154.505267 6782986.475968 -1933.403931 27 54
455204.505267 6782986.475968 -1942.905396 28 54
455254.505267 6782986.475968 -1953.656738 29 54
454404.505267 6783036.475968 -1757.251221 12 55
454454.505267 6783036.475968 -1769.560303 13 55
454504.505267 6783036.475968 -1790.391724 14 55
454554.505267 6783036.475968 -1806.814087 15 55
454604.505267 6783036.475968 -1823.978638 16 55
454654.505267 6783036.475968 -1837.516357 17 55
454704.505267 6783036.475968 -1850.089111 18 55
454754.505267 6783036.475968 -1862.544067 19 55
454804.505267 6783036.475968 -1876.551147 20 55
454854.505267 6783036.475968 -1890.892822 21 55
454904.505267 6783036.475968 -1902.138184 22 55
454954.505267 6783036.475968 -1914.051880 23 55
455004.505267 6783036.475968 -1925.364502 24 55
455054.505267 6783036.475968 -1934.405029 25 55
455104.505267 6783036.475968 -1939.670898 26 55
455154.505267 6783036.475968 -1953.935059 27 55
455204.505267 6783036.475968 -1967.141479 28 55
455254.505267 6783036.475968 -1980.373535 29 55
454354.505267 6783086.475968 -1784.239502 11 56
454404.505267 6783086.475968 -1776.228027 12 56
454454.505267 6783086.475968 -1781.017578 13 56
454504.505267 6783086.475968 -1795.651978 14 56
454554.505267 6783086.475968 -1816.660889 15 56
454604.505267 6783086.475968 -1832.429565 16 56
454654.505267 6783086.475968 -1848.764038 17 56
454704.505267 6783086.475968 -1865.560059 18 56
454754.505267 6783086.475968 -1882.315796 19 56
454804.505267 6783086.475968 -1902.473022 20 56
454854.505267 6783086.475968 -1922.030029 21 56
454904.505267 6783086.475968 -1934.946167 22 56
454954.505267 6783086.475968 -1947.929321 23 56
455004.505267 6783086.475968 -1960.150024 24 56
455054.505267 6783086.475968 -1972.972412 25 56
455104.505267 6783086.475968 -1984.669922 26 56
455154.505267 6783086.475968 -1998.682251 27 56
455204.505267 6783086.475968 -2014.680908 28 56
455254.505267 6783086.475968 -2027.668091 29 56
454354.505267 6783136.475968 -1824.836304 11 57
454404.505267 6783136.475968 -1808.837158 12 57
454454.505267 6783136.475968 -1796.823975 13 57
454504.505267 6783136.475968 -1800.150146 14 57
454554.505267 6783136.475968 -1824.847168 15 57
454604.505267 6783136.475968 -1843.378418 16 57
454654.505267 6783136.475968 -1862.788452 17 57
454704.505267 6783136.475968 -1882.477539 18 57
454754.505267 6783136.475968 -1902.826416 19 57
454804.505267 6783136.475968 -1921.339722 20 57
454854.505267 6783136.475968 -1938.109619 21 57
454904.505267 6783136.475968 -1951.812256 22 57
454954.505267 6783136.475968 -1964.641479 23 57
455004.505267 6783136.475968 -1976.418091 24 57
455054.505267 6783136.475968 -1976.502930 25 57
455104.505267 6783136.475968 -2011.287598 26 57
455154.505267 6783136.475968 -2044.009399 27 57
455204.505267 6783136.475968 -2068.557373 28 57
455254.505267 6783136.475968 -2082.512939 29 57
454204.505267 6783186.475968 -1843.466309 8 58
454254.505267 6783186.475968 -1860.843384 9 58
454304.505267 6783186.475968 -1871.920898 10 58
454354.505267 6783186.475968 -1871.561401 11 58
454404.505267 6783186.475968 -1854.051880 12 58
454454.505267 6783186.475968 -1817.654907 13 58
454504.505267 6783186.475968 -1818.233887 14 58
454554.505267 6783186.475968 -1843.609375 15 58
454604.505267 6783186.475968 -1864.230103 16 58
454654.505267 6783186.475968 -1885.065430 17 58
454704.505267 6783186.475968 -1905.840698 18 58
454754.505267 6783186.475968 -1926.702881 19 58
454804.505267 6783186.475968 -1940.363892 20 58
454854.505267 6783186.475968 -1952.892212 21 58
454904.505267 6783186.475968 -1965.602173 22 58
454954.505267 6783186.475968 -1978.447754 23 58
455004.505267 6783186.475968 -1988.604858 24 58
455054.505267 6783186.475968 -2003.840698 25 58
455104.505267 6783186.475968 -2056.703857 26 58
455154.505267 6783186.475968 -2097.770020 27 58
455204.505267 6783186.475968 -2125.263184 28 58
454104.505267 6783236.475968 -1820.782349 6 59
454154.505267 6783236.475968 -1837.946899 7 59
454204.505267 6783236.475968 -1861.574585 8 59
454254.505267 6783236.475968 -1885.092529 9 59
454304.505267 6783236.475968 -1904.847900 10 59
454354.505267 6783236.475968 -1920.104004 11 59
454404.505267 6783236.475968 -1930.406982 12 59
454454.505267 6783236.475968 -1933.856812 13 59
454504.505267 6783236.475968 -1938.631226 14 59
454554.505267 6783236.475968 -1960.970581 15 59
454604.505267 6783236.475968 -1981.062378 16 59
454654.505267 6783236.475968 -2000.099976 17 59
454704.505267 6783236.475968 -2015.329346 18 59
454754.505267 6783236.475968 -2030.710571 19 59
454804.505267 6783236.475968 -2044.132080 20 59
454854.505267 6783236.475968 -2057.010010 21 59
454904.505267 6783236.475968 -2069.863037 22 59
454954.505267 6783236.475968 -2082.699951 23 59
455004.505267 6783236.475968 -2094.803711 24 59
455054.505267 6783236.475968 -2112.785156 25 59
455104.505267 6783236.475968 -2135.497070 26 59
455154.505267 6783236.475968 -2156.508301 27 59
455204.505267 6783236.475968 -2175.182373 28 59
454054.505267 6783286.475968 -1821.104980 5 60
454104.505267 6783286.475968 -1831.333130 6 60
454154.505267 6783286.475968 -1846.542725 7 60
454204.505267 6783286.475968 -1863.687988 8 60
454254.505267 6783286.475968 -1878.971191 9 60
454304.505267 6783286.475968 -1897.680176 10 60
454354.505267 6783286.475968 -1921.286255 11 60
454404.505267 6783286.475968 -1947.807495 12 60
454454.505267 6783286.475968 -1977.733154 13 60
454504.505267 6783286.475968 -2007.717896 14 60
454554.505267 6783286.475968 -2025.018433 15 60
454604.505267 6783286.475968 -2043.083130 16 60
454654.505267 6783286.475968 -2059.868164 17 60
454704.505267 6783286.475968 -2072.057373 18 60
454754.505267 6783286.475968 -2084.728271 19 60
454804.505267 6783286.475968 -2099.326660 20 60
454854.505267 6783286.475968 -2115.257813 21 60
454904.505267 6783286.475968 -2131.481201 22 60
454954.505267 6783286.475968 -2148.272949 23 60
455004.505267 6783286.475968 -2165.023926 24 60
455054.505267 6783286.475968 -2171.498291 25 60
455104.505267 6783286.475968 -2175.039795 26 60
455154.505267 6783286.475968 -2180.940186 27 60
455204.505267 6783286.475968 -2191.143799 28 60
454054.505267 6783336.475968 -1825.140747 5 61
454104.505267 6783336.475968 -1835.990479 6 61
454154.505267 6783336.475968 -1845.609619 7 61
454204.505267 6783336.475968 -1847.658325 8 61
454254.505267 6783336.475968 -1841.201050 9 61
454304.505267 6783336.475968 -1857.125610 10 61
454354.505267 6783336.475968 -1883.777100 11 61
454404.505267 6783336.475968 -1908.674561 12 61
454454.505267 6783336.475968 -1934.100708 13 61
454504.505267 6783336.475968 -1958.550537 14 61
454554.505267 6783336.475968 -1974.445679 15 61
454604.505267 6783336.475968 -1990.328369 16 61
454654.505267 6783336.475968 -2005.304565 17 61
454704.505267 6783336.475968 -2019.515259 18 61
454754.505267 6783336.475968 -2033.673950 19 61
454804.505267 6783336.475968 -2047.916260 20 61
454854.505267 6783336.475968 -2067.714111 21 61
454904.505267 6783336.475968 -2088.278564 22 61
454954.505267 6783336.475968 -2111.168213 23 61
455004.505267 6783336.475968 -2135.501465 24 61
455054.505267 6783336.475968 -2146.297607 25 61
455104.505267 6783336.475968 -2155.363525 26 61
455154.505267 6783336.475968 -2164.791992 27 61
455204.505267 6783336.475968 -2174.379639 28 61
454004.505267 6783386.475968 -1816.006104 4 62
454054.505267 6783386.475968 -1825.992432 5 62
454104.505267 6783386.475968 -1838.053833 6 62
454154.505267 6783386.475968 -1848.081543 7 62
454204.505267 6783386.475968 -1849.910278 8 62
454254.505267 6783386.475968 -1842.237427 9 62
454304.505267 6783386.475968 -1855.948730 10 62
454354.505267 6783386.475968 -1882.376831 11 62
454404.505267 6783386.475968 -1907.615112 12 62
454454.505267 6783386.475968 -1932.609619 13 62
454504.505267 6783386.475968 -1953.918091 14 62
454554.505267 6783386.475968 -1965.994751 15 62
454604.505267 6783386.475968 -1979.231445 16 62
454654.505267 6783386.475968 -1993.277588 17 62
454704.505267 6783386.475968 -2008.444946 18 62
454754.505267 6783386.475968 -2023.962646 19 62
454804.505267 6783386.475968 -2038.957642 20 62
454854.505267 6783386.475968 -2058.557861 21 62
454904.505267 6783386.475968 -2077.904541 22 62
454954.505267 6783386.475968 -2099.676514 23 62
455004.505267 6783386.475968 -2123.336426 24 62
455054.505267 6783386.475968 -2134.383301 25 62
455104.505267 6783386.475968 -2144.627197 26 62
455154.505267 6783386.475968 -2155.028809 27 62
455204.505267 6783386.475968 -2165.025146 28 62
454004.505267 6783436.475968 -1814.961426 4 63
454054.505267 6783436.475968 -1825.351685 5 63
454104.505267 6783436.475968 -1841.264282 6 63
454154.505267 6783436.475968 -1858.705933 7 63
454204.505267 6783436.475968 -1873.957397 8 63
454254.505267 6783436.475968 -1887.581787 9 63
454304.505267 6783436.475968 -1904.049072 10 63
454354.505267 6783436.475968 -1930.520874 11 63
454404.505267 6783436.475968 -1961.239624 12 63
454454.505267 6783436.475968 -1990.906982 13 63
454504.505267 6783436.475968 -2005.874634 14 63
454554.505267 6783436.475968 -2018.940063 15 63
454604.505267 6783436.475968 -2031.491211 16 63
454654.505267 6783436.475968 -2045.061890 17 63
454704.505267 6783436.475968 -2061.495361 18 63
454754.505267 6783436.475968 -2077.906982 19 63
454804.505267 6783436.475968 -2094.688965 20 63
454854.505267 6783436.475968 -2109.054199 21 63
454904.505267 6783436.475968 -2118.989258 22 63
454954.505267 6783436.475968 -2129.439697 23 63
455004.505267 6783436.475968 -2139.349854 24 63
455054.505267 6783436.475968 -2147.628662 25 63
455104.505267 6783436.475968 -2155.209961 26 63
455154.505267 6783436.475968 -2162.982178 27 63
455204.505267 6783436.475968 -2170.811035 28 63
454054.505267 6783486.475968 -1823.396484 5 64
454104.505267 6783486.475968 -1841.765381 6 64
454154.505267 6783486.475968 -1863.424316 7 64
454204.505267 6783486.475968 -1885.971069 8 64
454254.505267 6783486.475968 -1909.109619 9 64
454304.505267 6783486.475968 -1930.618408 10 64
454354.505267 6783486.475968 -1956.310425 11 64
454404.505267 6783486.475968 -1985.863770 12 64
454454.505267 6783486.475968 -2013.523193 13 64
454504.505267 6783486.475968 -2023.903442 14 64
454554.505267 6783486.475968 -2034.085327 15 64
454604.505267 6783486.475968 -2045.038818 16 64
454654.505267 6783486.475968 -2058.344971 17 64
454704.505267 6783486.475968 -2075.822754 18 64
454754.505267 6783486.475968 -2092.351074 19 64
454804.505267 6783486.475968 -2109.104980 20 64
454854.505267 6783486.475968 -2120.798584 21 64
454904.505267 6783486.475968 -2126.431152 22 64
454954.505267 6783486.475968 -2131.797607 23 64
455004.505267 6783486.475968 -2137.563965 24 64
455054.505267 6783486.475968 -2145.424561 25 64
455104.505267 6783486.475968 -2154.542236 26 64
455154.505267 6783486.475968 -2163.417480 27 64
455204.505267 6783486.475968 -2171.292236 28 64
454054.505267 6783536.475968 -1823.223022 5 65
454104.505267 6783536.475968 -1841.837158 6 65
454154.505267 6783536.475968 -1863.919067 7 65
454204.505267 6783536.475968 -1886.355835 8 65
454254.505267 6783536.475968 -1905.939575 9 65
454304.505267 6783536.475968 -1923.537964 10 65
454354.505267 6783536.475968 -1941.625610 11 65
454404.505267 6783536.475968 -1960.030518 12 65
454454.505267 6783536.475968 -1974.109985 13 65
454504.505267 6783536.475968 -1985.113281 14 65
454554.505267 6783536.475968 -1992.806641 15 65
454604.505267 6783536.475968 -2001.167603 16 65
454654.505267 6783536.475968 -2017.178467 17 65
454704.505267 6783536.475968 -2035.885010 18 65
454754.505267 6783536.475968 -2052.211914 19 65
454804.505267 6783536.475968 -2067.894531 20 65
454854.505267 6783536.475968 -2081.411621 21 65
454904.505267 6783536.475968 -2092.721191 22 65
454954.505267 6783536.475968 -2103.325928 23 65
455004.505267 6783536.475968 -2113.860352 24 65
455054.505267 6783536.475968 -2127.578125 25 65
455104.505267 6783536.475968 -2143.358643 26 65
455154.505267 6783536.475968 -2157.210693 27 65
455204.505267 6783536.475968 -2169.614502 28 65
454104.505267 6783586.475968 -1838.458252 6 66
454154.505267 6783586.475968 -1857.501343 7 66
454204.505267 6783586.475968 -1875.873901 8 66
454254.505267 6783586.475968 -1887.406982 9 66
454304.505267 6783586.475968 -1898.268555 10 66
454354.505267 6783586.475968 -1909.137451 11 66
454404.505267 6783586.475968 -1919.857300 12 66
454454.505267 6783586.475968 -1930.490479 13 66
454504.505267 6783586.475968 -1941.177734 14 66
454554.505267 6783586.475968 -1952.095825 15 66
454604.505267 6783586.475968 -1962.571167 16 66
454654.505267 6783586.475968 -1980.655640 17 66
454704.505267 6783586.475968 -2001.190186 18 66
454754.505267 6783586.475968 -2017.050537 19 66
454804.505267 6783586.475968 -2032.731323 20 66
454854.505267 6783586.475968 -2048.562744 21 66
454904.505267 6783586.475968 -2063.657959 22 66
454954.505267 6783586.475968 -2078.883301 23 66
455004.505267 6783586.475968 -2093.871826 24 66
455054.505267 6783586.475968 -2112.146973 25 66
455104.505267 6783586.475968 -2132.572998 26 66
455154.505267 6783586.475968 -2151.098633 27 66
454154.505267 6783636.475968 -1843.099487 7 67
454204.505267 6783636.475968 -1851.841675 8 67
454254.505267 6783636.475968 -1857.794556 9 67
454304.505267 6783636.475968 -1867.009888 10 67
454354.505267 6783636.475968 -1876.578003 11 67
454404.505267 6783636.475968 -1885.260498 12 67
454454.505267 6783636.475968 -1892.793701 13 67
454504.505267 6783636.475968 -1911.397217 14 67
454554.505267 6783636.475968 -1935.899658 15 67
454604.505267 6783636.475968 -1952.129395 16 67
454654.505267 6783636.475968 -1968.406616 17 67
454704.505267 6783636.475968 -1985.781616 18 67
454754.505267 6783636.475968 -2000.873657 19 67
454804.505267 6783636.475968 -2015.786133 20 67
454854.505267 6783636.475968 -2030.869751 21 67
454904.505267 6783636.475968 -2046.929443 22 67
454954.505267 6783636.475968 -2063.622559 23 67
455004.505267 6783636.475968 -2082.232666 24 67
455054.505267 6783636.475968 -2103.323975 25 67
455104.505267 6783636.475968 -2125.624512 26 67
455154.505267 6783636.475968 -2146.965820 27 67
454254.505267 6783686.475968 -1826.996582 9 68
454304.505267 6783686.475968 -1837.538452 10 68
454354.505267 6783686.475968 -1847.507690 11 68
454404.505267 6783686.475968 -1857.388428 12 68
454454.505267 6783686.475968 -1866.739014 13 68
454504.505267 6783686.475968 -1890.745483 14 68
454554.505267 6783686.475968 -1929.348145 15 68
454604.505267 6783686.475968 -1952.166382 16 68
454654.505267 6783686.475968 -1967.201538 17 68
454704.505267 6783686.475968 -1983.291016 18 68
454754.505267 6783686.475968 -1997.302612 19 68
454804.505267 6783686.475968 -2009.635620 20 68
454854.505267 6783686.475968 -2021.717773 21 68
454904.505267 6783686.475968 -2035.639648 22 68
454954.505267 6783686.475968 -2054.035645 23 68
455004.505267 6783686.475968 -2075.166504 24 68
455054.505267 6783686.475968 -2097.998535 25 68
455104.505267 6783686.475968 -2121.387207 26 68
455154.505267 6783686.475968 -2144.089111 27 68
454254.505267 6783736.475968 -1810.896729 9 69
454304.505267 6783736.475968 -1817.832764 10 69
454354.505267 6783736.475968 -1828.727417 11 69
454404.505267 6783736.475968 -1843.008667 12 69
454454.505267 6783736.475968 -1861.969727 13 69
454504.505267 6783736.475968 -1885.911499 14 69
454554.505267 6783736.475968 -1918.853149 15 69
454604.505267 6783736.475968 -1947.736938 16 69
454654.505267 6783736.475968 -1970.885010 17 69
454704.505267 6783736.475968 -1989.527710 18 69
454754.505267 6783736.475968 -2006.022583 19 69
454804.505267 6783736.475968 -2014.495972 20 69
454854.505267 6783736.475968 -2021.948853 21 69
454904.505267 6783736.475968 -2033.190796 22 69
454954.505267 6783736.475968 -2050.566895 23 69
455004.505267 6783736.475968 -2072.139404 24 69
455054.505267 6783736.475968 -2095.242920 25 69
455104.505267 6783736.475968 -2118.615234 26 69
454254.505267 6783786.475968 -1799.332275 9 70
454304.505267 6783786.475968 -1803.744141 10 70
454354.505267 6783786.475968 -1814.193481 11 70
454404.505267 6783786.475968 -1833.795288 12 70
454454.505267 6783786.475968 -1858.072754 13 70
454504.505267 6783786.475968 -1882.523438 14 70
454554.505267 6783786.475968 -1912.055420 15 70
454604.505267 6783786.475968 -1941.871826 16 70
454654.505267 6783786.475968 -1970.582031 17 70
454704.505267 6783786.475968 -1992.847046 18 70
454754.505267 6783786.475968 -2012.932007 19 70
454804.505267 6783786.475968 -2021.315186 20 70
454854.505267 6783786.475968 -2024.098145 21 70
454904.505267 6783786.475968 -2033.971436 22 70
454954.505267 6783786.475968 -2051.194092 23 70
455004.505267 6783786.475968 -2072.786133 24 70
455054.505267 6783786.475968 -2094.788086 25 70
454304.505267 6783836.475968 -1794.403442 10 71
454354.505267 6783836.475968 -1803.663574 11 71
454404.505267 6783836.475968 -1820.208496 12 71
454454.505267 6783836.475968 -1841.494019 13 71
454504.505267 6783836.475968 -1865.879028 14 71
454554.505267 6783836.475968 -1897.969604 15 71
454604.505267 6783836.475968 -1925.581909 16 71
454654.505267 6783836.475968 -1951.287476 17 71
454704.505267 6783836.475968 -1974.070679 18 71
454754.505267 6783836.475968 -1993.231689 19 71
454804.505267 6783836.475968 -2006.700684 20 71
454854.505267 6783836.475968 -2018.982422 21 71
454904.505267 6783836.475968 -2034.898682 22 71
454954.505267 6783836.475968 -2054.545898 23 71
455004.505267 6783836.475968 -2076.658936 24 71
454254.505267 6783886.475968 -1786.008545 9 72
454304.505267 6783886.475968 -1792.781982 10 72
454354.505267 6783886.475968 -1802.239624 11 72
454404.505267 6783886.475968 -1815.990112 12 72
454454.505267 6783886.475968 -1837.363403 13 72
454504.505267 6783886.475968 -1860.503906 14 72
454554.505267 6783886.475968 -1895.250854 15 72
454604.505267 6783886.475968 -1920.453003 16 72
454654.505267 6783886.475968 -1942.649414 17 72
454704.505267 6783886.475968 -1965.062988 18 72
454754.505267 6783886.475968 -1985.157715 19 72
454804.505267 6783886.475968 -2005.578369 20 72
454854.505267 6783886.475968 -2025.177490 21 72
454904.505267 6783886.475968 -2044.535889 22 72
454954.505267 6783886.475968 -2063.066895 23 72
455004.505267 6783886.475968 -2082.148193 24 72
454204.505267 6783936.475968 -1783.315063 8 73
454254.505267 6783936.475968 -1787.551636 9 73
454304.505267 6783936.475968 -1804.037231 10 73
454354.505267 6783936.475968 -1823.208984 11 73
454404.505267 6783936.475968 -1843.854126 12 73
454454.505267 6783936.475968 -1870.890137 13 73
454504.505267 6783936.475968 -1895.495361 14 73
454554.505267 6783936.475968 -1924.209961 15 73
454604.505267 6783936.475968 -1949.370728 16 73
454654.505267 6783936.475968 -1972.352661 17 73
454704.505267 6783936.475968 -1994.891113 18 73
454754.505267 6783936.475968 -2014.773071 19 73
454804.505267 6783936.475968 -2034.032837 20 73
454854.505267 6783936.475968 -2052.152344 21 73
454904.505267 6783936.475968 -2067.530273 22 73
454154.505267 6783986.475968 -1796.404419 7 74
454204.505267 6783986.475968 -1788.152100 8 74
454254.505267 6783986.475968 -1797.840820 9 74
454304.505267 6783986.475968 -1826.817749 10 74
454354.505267 6783986.475968 -1854.841797 11 74
454404.505267 6783986.475968 -1882.974121 12 74
454454.505267 6783986.475968 -1910.908569 13 74
454504.505267 6783986.475968 -1933.729126 14 74
454554.505267 6783986.475968 -1956.261597 15 74
454604.505267 6783986.475968 -1977.941284 16 74
454654.505267 6783986.475968 -1999.085571 17 74
454704.505267 6783986.475968 -2019.798584 18 74
454754.505267 6783986.475968 -2036.620972 19 74
454804.505267 6783986.475968 -2053.320557 20 74
454854.505267 6783986.475968 -2070.946289 21 74
454154.505267 6784036.475968 -1814.701660 7 75
454204.505267 6784036.475968 -1816.438721 8 75
454254.505267 6784036.475968 -1830.505737 9 75
454304.505267 6784036.475968 -1859.161743 10 75
454354.505267 6784036.475968 -1886.896240 11 75
454404.505267 6784036.475968 -1915.080688 12 75
454454.505267 6784036.475968 -1936.269043 13 75
454504.505267 6784036.475968 -1954.859131 14 75
454554.505267 6784036.475968 -1972.491211 15 75
454604.505267 6784036.475968 -1988.144531 16 75
454654.505267 6784036.475968 -2002.159668 17 75
454704.505267 6784036.475968 -2020.283936 18 75
454754.505267 6784036.475968 -2035.906982 19 75
454804.505267 6784036.475968 -2050.370850 20 75
454854.505267 6784036.475968 -2063.629150 21 75
454904.505267 6784036.475968 -2070.752930 22 75
454154.505267 6784086.475968 -1836.552002 7 76
454204.505267 6784086.475968 -1853.804688 8 76
454254.505267 6784086.475968 -1874.188965 9 76
454304.505267 6784086.475968 -1894.549438 10 76
454354.505267 6784086.475968 -1914.166870 11 76
454404.505267 6784086.475968 -1929.441406 12 76
454454.505267 6784086.475968 -1944.696899 13 76
454504.505267 6784086.475968 -1959.973145 14 76
454554.505267 6784086.475968 -1974.764526 15 76
454604.505267 6784086.475968 -1985.339966 16 76
454654.505267 6784086.475968 -1995.100586 17 76
454704.505267 6784086.475968 -2009.846802 18 76
454754.505267 6784086.475968 -2023.133057 19 76
454804.505267 6784086.475968 -2034.654663 20 76
454854.505267 6784086.475968 -2044.079468 21 76
454904.505267 6784086.475968 -2050.373535 22 76
454154.505267 6784136.475968 -1841.182861 7 77
454204.505267 6784136.475968 -1857.262817 8 77
454254.505267 6784136.475968 -1869.723389 9 77
454304.505267 6784136.475968 -1885.493286 10 77
454354.505267 6784136.475968 -1904.975220 11 77
454404.505267 6784136.475968 -1918.682129 12 77
454454.505267 6784136.475968 -1933.226074 13 77
454504.505267 6784136.475968 -1949.163330 14 77
454554.505267 6784136.475968 -1962.959351 15 77
454604.505267 6784136.475968 -1972.217773 16 77
454654.505267 6784136.475968 -1981.738525 17 77
454704.505267 6784136.475968 -1993.472900 18 77
454754.505267 6784136.475968 -2004.539307 19 77
454804.505267 6784136.475968 -2014.096680 20 77
454854.505267 6784136.475968 -2021.489868 21 77
454904.505267 6784136.475968 -2027.987183 22 77
454954.505267 6784136.475968 -2034.469482 23 77
454154.505267 6784186.475968 -1833.870361 7 78
454204.505267 6784186.475968 -1836.854370 8 78
454254.505267 6784186.475968 -1840.167358 9 78
454304.505267 6784186.475968 -1858.180908 10 78
454354.505267 6784186.475968 -1875.840210 11 78
454404.505267 6784186.475968 -1892.856689 12 78
454454.505267 6784186.475968 -1909.902100 13 78
454504.505267 6784186.475968 -1927.150879 14 78
454554.505267 6784186.475968 -1941.387085 15 78
454604.505267 6784186.475968 -1951.617432 16 78
454654.505267 6784186.475968 -1962.288330 17 78
454704.505267 6784186.475968 -1972.763428 18 78
454754.505267 6784186.475968 -1983.421021 19 78
454804.505267 6784186.475968 -1993.229980 20 78
454854.505267 6784186.475968 -2002.099487 21 78
454904.505267 6784186.475968 -2011.320801 22 78
454954.505267 6784186.475968 -2020.389893 23 78
455004.505267 6784186.475968 -2029.564331 24 78
454154.505267 6784236.475968 -1826.020752 7 79
454204.505267 6784236.475968 -1829.416504 8 79
454254.505267 6784236.475968 -1828.274658 9 79
454304.505267 6784236.475968 -1840.593262 10 79
454354.505267 6784236.475968 -1842.066772 11 79
454404.505267 6784236.475968 -1861.418701 12 79
454454.505267 6784236.475968 -1881.196655 13 79
454504.505267 6784236.475968 -1899.723022 14 79
454554.505267 6784236.475968 -1914.087524 15 79
454604.505267 6784236.475968 -1926.372437 16 79
454654.505267 6784236.475968 -1938.505859 17 79
454704.505267 6784236.475968 -1950.436646 18 79
454754.505267 6784236.475968 -1962.532959 19 79
454804.505267 6784236.475968 -1974.397583 20 79
454854.505267 6784236.475968 -1989.433716 21 79
454904.505267 6784236.475968 -2005.051514 22 79
454954.505267 6784236.475968 -2018.171997 23 79
455004.505267 6784236.475968 -2029.799194 24 79
454204.505267 6784286.475968 -1819.080322 8 80
454254.505267 6784286.475968 -1818.809082 9 80
454304.505267 6784286.475968 -1820.984009 10 80
454354.505267 6784286.475968 -1819.570190 11 80
454404.505267 6784286.475968 -1837.542114 12 80
454454.505267 6784286.475968 -1857.310791 13 80
454504.505267 6784286.475968 -1876.787231 14 80
454554.505267 6784286.475968 -1892.757813 15 80
454604.505267 6784286.475968 -1907.401001 16 80
454654.505267 6784286.475968 -1922.248901 17 80
454704.505267 6784286.475968 -1937.177612 18 80
454754.505267 6784286.475968 -1952.168701 19 80
454804.505267 6784286.475968 -1967.405396 20 80
454854.505267 6784286.475968 -1987.087646 21 80
454904.505267 6784286.475968 -2007.398804 22 80
454954.505267 6784286.475968 -2024.160034 23 80
455004.505267 6784286.475968 -2038.259399 24 80
454204.505267 6784336.475968 -1810.044067 8 81
454254.505267 6784336.475968 -1812.719116 9 81
454304.505267 6784336.475968 -1815.484619 10 81
454354.505267 6784336.475968 -1818.429565 11 81
454404.505267 6784336.475968 -1831.144897 12 81
454454.505267 6784336.475968 -1849.460938 13 81
454504.505267 6784336.475968 -1869.702393 14 81
454554.505267 6784336.475968 -1888.984497 15 81
454604.505267 6784336.475968 -1907.455566 16 81
454654.505267 6784336.475968 -1925.802246 17 81
454704.505267 6784336.475968 -1944.222900 18 81
454754.505267 6784336.475968 -1962.109375 19 81
454804.505267 6784336.475968 -1980.255127 20 81
454854.505267 6784336.475968 -2000.406128 21 81
454904.505267 6784336.475968 -2020.669556 22 81
454954.505267 6784336.475968 -2038.797607 23 81
455004.505267 6784336.475968 -2055.865234 24 81
454204.505267 6784386.475968 -1804.573975 8 82
454254.505267 6784386.475968 -1811.476074 9 82
454304.505267 6784386.475968 -1819.344604 10 82
454354.505267 6784386.475968 -1827.379395 11 82
454404.505267 6784386.475968 -1840.330200 12 82
454454.505267 6784386.475968 -1858.786743 13 82
454504.505267 6784386.475968 -1881.069092 14 82
454554.505267 6784386.475968 -1904.033569 15 82
454604.505267 6784386.475968 -1926.364136 16 82
454654.505267 6784386.475968 -1948.088379 17 82
454704.505267 6784386.475968 -1969.729370 18 82
454754.505267 6784386.475968 -1988.924194 19 82
454804.505267 6784386.475968 -2007.170410 20 82
454854.505267 6784386.475968 -2025.562012 21 82
454904.505267 6784386.475968 -2043.588989 22 82
454954.505267 6784386.475968 -2060.892822 23 82
455004.505267 6784386.475968 -2078.749268 24 82
454204.505267 6784436.475968 -1802.347778 8 83
454254.505267 6784436.475968 -1813.722290 9 83
454304.505267 6784436.475968 -1829.391602 10 83
454354.505267 6784436.475968 -1843.916870 11 83
454404.505267 6784436.475968 -1860.388794 12 83
454454.505267 6784436.475968 -1882.264404 13 83
454504.505267 6784436.475968 -1908.027100 14 83
454554.505267 6784436.475968 -1934.578735 15 83
454604.505267 6784436.475968 -1959.918457 16 83
454654.505267 6784436.475968 -1983.607788 17 83
454704.505267 6784436.475968 -2007.815918 18 83
454754.505267 6784436.475968 -2025.438232 19 83
454804.505267 6784436.475968 -2041.050659 20 83
454854.505267 6784436.475968 -2055.888916 21 83
454904.505267 6784436.475968 -2070.229492 22 83
454954.505267 6784436.475968 -2084.998291 23 83
455004.505267 6784436.475968 -2102.820313 24 83
454204.505267 6784486.475968 -1801.882568 8 84
454254.505267 6784486.475968 -1815.509521 9 84
454304.505267 6784486.475968 -1839.818848 10 84
454354.505267 6784486.475968 -1865.935303 11 84
454404.505267 6784486.475968 -1892.166748 12 84
454454.505267 6784486.475968 -1918.555786 13 84
454504.505267 6784486.475968 -1946.986816 14 84
454554.505267 6784486.475968 -1975.587891 15 84
454604.505267 6784486.475968 -2002.395508 16 84
454654.505267 6784486.475968 -2026.105347 17 84
454704.505267 6784486.475968 -2050.481689 18 84
454754.505267 6784486.475968 -2061.904785 19 84
454804.505267 6784486.475968 -2071.525879 20 84
454854.505267 6784486.475968 -2081.506836 21 84
454904.505267 6784486.475968 -2091.331787 22 84
454954.505267 6784486.475968 -2104.267090 23 84
455004.505267 6784486.475968 -2122.010742 24 84
455054.505267 6784486.475968 -2139.292480 25 84
454204.505267 6784536.475968 -1803.094604 8 85
454254.505267 6784536.475968 -1813.665039 9 85
454304.505267 6784536.475968 -1837.166382 10 85
454354.505267 6784536.475968 -1888.346924 11 85
454404.505267 6784536.475968 -1921.517456 12 85
454454.505267 6784536.475968 -1951.382813 13 85
454504.505267 6784536.475968 -1980.603516 14 85
454554.505267 6784536.475968 -2007.438110 15 85
454604.505267 6784536.475968 -2032.414673 16 85
454654.505267 6784536.475968 -2053.369385 17 85
454704.505267 6784536.475968 -2070.270508 18 85
454754.505267 6784536.475968 -2074.100342 19 85
454804.505267 6784536.475968 -2075.348145 20 85
454854.505267 6784536.475968 -2080.526367 21 85
454904.505267 6784536.475968 -2089.988281 22 85
454954.505267 6784536.475968 -2105.165771 23 85
455004.505267 6784536.475968 -2124.583252 24 85
455054.505267 6784536.475968 -2144.105957 25 85
454204.505267 6784586.475968 -1805.884277 8 86
454254.505267 6784586.475968 -1808.328003 9 86
454304.505267 6784586.475968 -1821.239502 10 86
454354.505267 6784586.475968 -1884.307007 11 86
454404.505267 6784586.475968 -1929.050903 12 86
454454.505267 6784586.475968 -1955.494507 13 86
454504.505267 6784586.475968 -1985.029053 14 86
454554.505267 6784586.475968 -2011.824463 15 86
454604.505267 6784586.475968 -2036.303223 16 86
454654.505267 6784586.475968 -2054.404541 17 86
454704.505267 6784586.475968 -2070.445068 18 86
454754.505267 6784586.475968 -2067.547119 19 86
454804.505267 6784586.475968 -2063.852295 20 86
454854.505267 6784586.475968 -2067.421143 21 86
454904.505267 6784586.475968 -2078.188232 22 86
454954.505267 6784586.475968 -2097.096436 23 86
455004.505267 6784586.475968 -2120.280029 24 86
455054.505267 6784586.475968 -2143.782959 25 86
455104.505267 6784586.475968 -2165.606934 26 86
454204.505267 6784636.475968 -1816.237671 8 87
454254.505267 6784636.475968 -1813.471313 9 87
454304.505267 6784636.475968 -1820.913452 10 87
454354.505267 6784636.475968 -1852.514648 11 87
454404.505267 6784636.475968 -1869.097900 12 87
454454.505267 6784636.475968 -1903.227051 13 87
454504.505267 6784636.475968 -1936.795288 14 87
454554.505267 6784636.475968 -1967.825562 15 87
454604.505267 6784636.475968 -1996.189453 16 87
454654.505267 6784636.475968 -2017.447632 17 87
454704.505267 6784636.475968 -2034.576904 18 87
454754.505267 6784636.475968 -2042.117920 19 87
454804.505267 6784636.475968 -2045.067627 20 87
454854.505267 6784636.475968 -2053.823486 21 87
454904.505267 6784636.475968 -2067.208496 22 87
454954.505267 6784636.475968 -2090.950684 23 87
455004.505267 6784636.475968 -2117.246094 24 87
455054.505267 6784636.475968 -2144.020508 25 87
455104.505267 6784636.475968 -2169.254395 26 87
454204.505267 6784686.475968 -1831.749390 8 88
454254.505267 6784686.475968 -1823.854126 9 88
454304.505267 6784686.475968 -1819.059814 10 88
454354.505267 6784686.475968 -1811.407471 11 88
454404.505267 6784686.475968 -1820.765625 12 88
454454.505267 6784686.475968 -1859.934326 13 88
454504.505267 6784686.475968 -1897.761719 14 88
454554.505267 6784686.475968 -1931.033203 15 88
454604.505267 6784686.475968 -1961.523315 16 88
454654.505267 6784686.475968 -1983.984253 17 88
454704.505267 6784686.475968 -2005.101074 18 88
454754.505267 6784686.475968 -2024.819580 19 88
454804.505267 6784686.475968 -2040.646973 20 88
454854.505267 6784686.475968 -2056.313477 21 88
454904.505267 6784686.475968 -2071.826904 22 88
454954.505267 6784686.475968 -2094.096436 23 88
455004.505267 6784686.475968 -2120.114502 24 88
455054.505267 6784686.475968 -2147.791016 25 88
455104.505267 6784686.475968 -2174.648926 26 88
455154.505267 6784686.475968 -2199.281494 27 88
454154.505267 6784736.475968 -1861.850952 7 89
454204.505267 6784736.475968 -1854.070313 8 89
454254.505267 6784736.475968 -1848.960449 9 89
454304.505267 6784736.475968 -1858.415039 10 89
454354.505267 6784736.475968 -1864.785645 11 89
454404.505267 6784736.475968 -1878.354614 12 89
454454.505267 6784736.475968 -1907.556030 13 89
454504.505267 6784736.475968 -1938.645386 14 89
454554.505267 6784736.475968 -1967.138794 15 89
454604.505267 6784736.475968 -1990.945435 16 89
454654.505267 6784736.475968 -2011.405396 17 89
454704.505267 6784736.475968 -2030.395142 18 89
454754.505267 6784736.475968 -2043.185059 19 89
454804.505267 6784736.475968 -2055.171631 20 89
454854.505267 6784736.475968 -2068.261719 21 89
454904.505267 6784736.475968 -2083.346680 22 89
454954.505267 6784736.475968 -2103.387207 23 89
455004.505267 6784736.475968 -2127.753174 24 89
455054.505267 6784736.475968 -2154.808105 25 89
455104.505267 6784736.475968 -2181.864990 26 89
455154.505267 6784736.475968 -2206.892822 27 89
454154.505267 6784786.475968 -1887.866943 7 90
454204.505267 6784786.475968 -1882.689819 8 90
454254.505267 6784786.475968 -1879.260254 9 90
454304.505267 6784786.475968 -1906.347412 10 90
454354.505267 6784786.475968 -1944.236328 11 90
454404.505267 6784786.475968 -1971.685425 12 90
454454.505267 6784786.475968 -1990.940552 13 90
454504.505267 6784786.475968 -2010.904419 14 90
454554.505267 6784786.475968 -2030.749390 15 90
454604.505267 6784786.475968 -2045.786987 16 90
454654.505267 6784786.475968 -2059.828125 17 90
454704.505267 6784786.475968 -2073.499756 18 90
454754.505267 6784786.475968 -2073.541016 19 90
454804.505267 6784786.475968 -2076.848877 20 90
454854.505267 6784786.475968 -2085.297607 21 90
454904.505267 6784786.475968 -2098.009033 22 90
454954.505267 6784786.475968 -2115.707764 23 90
455004.505267 6784786.475968 -2137.994141 24 90
455054.505267 6784786.475968 -2163.704346 25 90
455104.505267 6784786.475968 -2190.122803 26 90
455154.505267 6784786.475968 -2214.810303 27 90
455204.505267 6784786.475968 -2236.597900 28 90
454154.505267 6784836.475968 -1916.463623 7 91
454204.505267 6784836.475968 -1922.372192 8 91
454254.505267 6784836.475968 -1930.692871 9 91
454304.505267 6784836.475968 -1957.933716 10 91
454354.505267 6784836.475968 -1994.114136 11 91
454404.505267 6784836.475968 -2020.823975 12 91
454454.505267 6784836.475968 -2037.641724 13 91
454504.505267 6784836.475968 -2051.667969 14 91
454554.505267 6784836.475968 -2068.095703 15 91
454604.505267 6784836.475968 -2081.693848 16 91
454654.505267 6784836.475968 -2091.583496 17 91
454704.505267 6784836.475968 -2094.730469 18 91
454754.505267 6784836.475968 -2091.759521 19 91
454804.505267 6784836.475968 -2092.956055 20 91
454854.505267 6784836.475968 -2099.992920 21 91
454904.505267 6784836.475968 -2111.678223 22 91
454954.505267 6784836.475968 -2127.881592 23 91
455004.505267 6784836.475968 -2148.364014 24 91
455054.505267 6784836.475968 -2172.780273 25 91
455104.505267 6784836.475968 -2198.393311 26 91
455154.505267 6784836.475968 -2222.494873 27 91
455204.505267 6784836.475968 -2243.324951 28 91
454204.505267 6784886.475968 -1961.596558 8 92
454254.505267 6784886.475968 -1982.833862 9 92
454304.505267 6784886.475968 -2003.908936 10 92
454354.505267 6784886.475968 -2024.724609 11 92
454404.505267 6784886.475968 -2040.047852 12 92
454454.505267 6784886.475968 -2053.599121 13 92
454504.505267 6784886.475968 -2066.862061 14 92
454554.505267 6784886.475968 -2081.130859 15 92
454604.505267 6784886.475968 -2096.488770 16 92
454654.505267 6784886.475968 -2107.390869 17 92
454704.505267 6784886.475968 -2096.715820 18 92
454754.505267 6784886.475968 -2093.200439 19 92
454804.505267 6784886.475968 -2098.514160 20 92
454854.505267 6784886.475968 -2108.325928 21 92
454904.505267 6784886.475968 -2121.370605 22 92
454954.505267 6784886.475968 -2137.411133 23 92
455004.505267 6784886.475968 -2156.610352 24 92
455054.505267 6784886.475968 -2180.432129 25 92
455104.505267 6784886.475968 -2205.695801 26 92
455154.505267 6784886.475968 -2229.501953 27 92
455204.505267 6784886.475968 -2249.026367 28 92
455254.505267 6784886.475968 -2265.537109 29 92
454204.505267 6784936.475968 -1980.740356 8 93
454254.505267 6784936.475968 -2002.732788 9 93
454304.505267 6784936.475968 -2017.689453 10 93
454354.505267 6784936.475968 -2027.179688 11 93
454404.505267 6784936.475968 -2029.312134 12 93
454454.505267 6784936.475968 -2023.672974 13 93
454504.505267 6784936.475968 -2010.459351 14 93
454554.505267 6784936.475968 -2007.391968 15 93
454604.505267 6784936.475968 -2029.711914 16 93
454654.505267 6784936.475968 -2044.975708 17 93
454704.505267 6784936.475968 -2056.571045 18 93
454754.505267 6784936.475968 -2071.883057 19 93
454804.505267 6784936.475968 -2090.511475 20 93
454854.505267 6784936.475968 -2107.301025 21 93
454904.505267 6784936.475968 -2124.308105 22 93
454954.505267 6784936.475968 -2142.101318 23 93
455004.505267 6784936.475968 -2160.574951 24 93
455054.505267 6784936.475968 -2185.214600 25 93
455104.505267 6784936.475968 -2210.785889 26 93
455154.505267 6784936.475968 -2235.222412 27 93
455204.505267 6784936.475968 -2253.498779 28 93
455254.505267 6784936.475968 -2268.192627 29 93
454254.505267 6784986.475968 -2001.521484 9 94
454304.505267 6784986.475968 -2011.247437 10 94
454354.505267 6784986.475968 -2012.833618 11 94
454404.505267 6784986.475968 -2004.478271 12 94
454454.505267 6784986.475968 -1985.739868 13 94
454504.505267 6784986.475968 -1956.109253 14 94
454554.505267 6784986.475968 -1943.763672 15 94
454604.505267 6784986.475968 -1964.984863 16 94
454654.505267 6784986.475968 -1987.335205 17 94
454704.505267 6784986.475968 -2015.971069 18 94
454754.505267 6784986.475968 -2044.243530 19 94
454804.505267 6784986.475968 -2070.710449 20 94
454854.505267 6784986.475968 -2094.450195 21 94
454904.505267 6784986.475968 -2117.786621 22 94
454954.505267 6784986.475968 -2139.681641 23 94
455004.505267 6784986.475968 -2160.387207 24 94
455054.505267 6784986.475968 -2186.053711 25 94
455104.505267 6784986.475968 -2211.972656 26 94
455154.505267 6784986.475968 -2236.572510 27 94
455204.505267 6784986.475968 -2255.598389 28 94
455254.505267 6784986.475968 -2271.105469 29 94
455304.505267 6784986.475968 -2287.257324 30 94
454304.505267 6785036.475968 -1996.303223 10 95
454354.505267 6785036.475968 -1993.920654 11 95
454404.505267 6785036.475968 -1983.067139 12 95
454454.505267 6785036.475968 -1965.553711 13 95
454504.505267 6785036.475968 -1947.286255 14 95
454554.505267 6785036.475968 -1940.899902 15 95
454604.505267 6785036.475968 -1957.796753 16 95
454654.505267 6785036.475968 -1978.306763 17 95
454704.505267 6785036.475968 -1999.354736 18 95
454754.505267 6785036.475968 -2019.885986 19 95
454804.505267 6785036.475968 -2044.727417 20 95
454854.505267 6785036.475968 -2073.018799 21 95
454904.505267 6785036.475968 -2101.942139 22 95
454954.505267 6785036.475968 -2132.436768 23 95
455004.505267 6785036.475968 -2160.537109 24 95
455054.505267 6785036.475968 -2188.521484 25 95
455104.505267 6785036.475968 -2212.366455 26 95
455154.505267 6785036.475968 -2235.436279 27 95
455204.505267 6785036.475968 -2256.310547 28 95
455254.505267 6785036.475968 -2274.883545 29 95
455304.505267 6785036.475968 -2290.756348 30 95
454304.505267 6785086.475968 -1978.275024 10 96
454354.505267 6785086.475968 -1975.568970 11 96
454404.505267 6785086.475968 -1967.735107 12 96
454454.505267 6785086.475968 -1958.352905 13 96
454504.505267 6785086.475968 -1953.406006 14 96
454554.505267 6785086.475968 -1953.122803 15 96
454604.505267 6785086.475968 -1972.161499 16 96
454654.505267 6785086.475968 -1991.259766 17 96
454704.505267 6785086.475968 -2009.244629 18 96
454754.505267 6785086.475968 -2026.479370 19 96
454804.505267 6785086.475968 -2051.960693 20 96
454854.505267 6785086.475968 -2091.571045 21 96
454904.505267 6785086.475968 -2129.512939 22 96
454954.505267 6785086.475968 -2161.564697 23 96
455004.505267 6785086.475968 -2182.816895 24 96
455054.505267 6785086.475968 -2202.158203 25 96
454354.505267 6785136.475968 -1958.336304 11 97
454404.505267 6785136.475968 -1955.870972 12 97
454454.505267 6785136.475968 -1957.265503 13 97
454504.505267 6785136.475968 -1973.036865 14 97
454554.505267 6785136.475968 -1989.406128 15 97
454604.505267 6785136.475968 -2008.870728 16 97
454654.505267 6785136.475968 -2029.488281 17 97
454704.505267 6785136.475968 -2050.220215 18 97
454754.505267 6785136.475968 -2071.184814 19 97
454804.505267 6785136.475968 -2092.963135 20 97
454854.505267 6785136.475968 -2162.663574 21 97
454904.505267 6785136.475968 -2205.901367 22 97
454954.505267 6785136.475968 -2241.972168 23 97
454354.505267 6785186.475968 -1941.183105 11 98
454404.505267 6785186.475968 -1942.691162 12 98
454454.505267 6785186.475968 -1952.845215 13 98
454504.505267 6785186.475968 -1981.152710 14 98
454554.505267 6785186.475968 -2007.854004 15 98
454604.505267 6785186.475968 -2033.488037 16 98
454654.505267 6785186.475968 -2058.296387 17 98
454704.505267 6785186.475968 -2083.095459 18 98
454754.505267 6785186.475968 -2108.025635 19 98
454804.505267 6785186.475968 -2129.247803 20 98
454854.505267 6785186.475968 -2210.572266 21 98
454904.505267 6785186.475968 -2253.767334 22 98
454354.505267 6785236.475968 -1925.796387 11 99
454404.505267 6785236.475968 -1933.761353 12 99
454454.505267 6785236.475968 -1948.254761 13 99
454504.505267 6785236.475968 -1973.402100 14 99
454554.505267 6785236.475968 -2001.393555 15 99
454604.505267 6785236.475968 -2033.221313 16 99
454654.505267 6785236.475968 -2068.896484 17 99
454704.505267 6785236.475968 -2103.864014 18 99
454754.505267 6785236.475968 -2139.895752 19 99
454804.505267 6785236.475968 -2175.647217 20 99
454854.505267 6785236.475968 -2231.366699 21 99
454354.505267 6785286.475968 -1911.449097 11 100
454404.505267 6785286.475968 -1923.095093 12 100
454454.505267 6785286.475968 -1939.763916 13 100
454504.505267 6785286.475968 -1962.350952 14 100
454554.505267 6785286.475968 -1987.974976 15 100
454604.505267 6785286.475968 -2025.023071 16 100
454654.505267 6785286.475968 -2075.178223 17 100
454704.505267 6785286.475968 -2121.581299 18 100
454754.505267 6785286.475968 -2171.123535 19 100
454804.505267 6785286.475968 -2210.884521 20 100
454854.505267 6785286.475968 -2248.336914 21 100
454354.505267 6785336.475968 -1899.048828 11 101
454404.505267 6785336.475968 -1912.520630 12 101
454454.505267 6785336.475968 -1930.766968 13 101
454504.505267 6785336.475968 -1953.582031 14 101
454554.505267 6785336.475968 -1975.896606 15 101
454604.505267 6785336.475968 -2016.993652 16 101
454654.505267 6785336.475968 -2083.755127 17 101
454704.505267 6785336.475968 -2135.606201 18 101
454754.505267 6785336.475968 -2198.652832 19 101
454804.505267 6785336.475968 -2235.182617 20 101
454354.505267 6785386.475968 -1889.777710 11 102
454404.505267 6785386.475968 -1904.036499 12 102
454454.505267 6785386.475968 -1924.484497 13 102
454504.505267 6785386.475968 -1951.468506 14 102
454554.505267 6785386.475968 -1979.181396 15 102
454604.505267 6785386.475968 -2026.783081 16 102
454654.505267 6785386.475968 -2092.536133 17 102
454704.505267 6785386.475968 -2151.817627 18 102
454754.505267 6785386.475968 -2208.718018 19 102
454804.505267 6785386.475968 -2240.121826 20 102
454854.505267 6785386.475968 -2255.902832 21 102
454354.505267 6785436.475968 -1883.875488 11 103
454404.505267 6785436.475968 -1897.716187 12 103
454454.505267 6785436.475968 -1918.964233 13 103
454504.505267 6785436.475968 -1948.774780 14 103
454554.505267 6785436.475968 -1984.524414 15 103
454604.505267 6785436.475968 -2030.159912 16 103
454654.505267 6785436.475968 -2083.268799 17 103
454704.505267 6785436.475968 -2134.223389 18 103
454754.505267 6785436.475968 -2177.822754 19 103
454804.505267 6785436.475968 -2205.196289 20 103
454854.505267 6785436.475968 -2217.981689 21 103
454904.505267 6785436.475968 -2217.585938 22 103
454954.505267 6785436.475968 -2212.117920 23 103
454354.505267 6785486.475968 -1880.504272 11 104
454404.505267 6785486.475968 -1892.955933 12 104
454454.505267 6785486.475968 -1915.835571 13 104
454504.505267 6785486.475968 -1949.649048 14 104
454554.505267 6785486.475968 -1988.279297 15 104
454604.505267 6785486.475968 -2024.596558 16 104
454654.505267 6785486.475968 -2059.202881 17 104
454704.505267 6785486.475968 -2094.358887 18 104
454754.505267 6785486.475968 -2124.466797 19 104
454804.505267 6785486.475968 -2147.932129 20 104
454854.505267 6785486.475968 -2163.009277 21 104
454904.505267 6785486.475968 -2169.275391 22 104
454954.505267 6785486.475968 -2172.205811 23 104
455004.505267 6785486.475968 -2180.594971 24 104
455054.505267 6785486.475968 -2192.781250 25 104
455104.505267 6785486.475968 -2208.995361 26 104
454354.505267 6785536.475968 -1878.917236 11 105
454404.505267 6785536.475968 -1889.030029 12 105
454454.505267 6785536.475968 -1912.523315 13 105
454504.505267 6785536.475968 -1950.835205 14 105
454554.505267 6785536.475968 -1992.333008 15 105
454604.505267 6785536.475968 -2017.297729 16 105
454654.505267 6785536.475968 -2034.517944 17 105
454704.505267 6785536.475968 -2056.550293 18 105
454754.505267 6785536.475968 -2074.830078 19 105
454804.505267 6785536.475968 -2095.776367 20 105
454854.505267 6785536.475968 -2114.864014 21 105
454904.505267 6785536.475968 -2128.951172 22 105
454954.505267 6785536.475968 -2138.788330 23 105
455004.505267 6785536.475968 -2156.942871 24 105
455054.505267 6785536.475968 -2176.496826 25 105
455104.505267 6785536.475968 -2199.983154 26 105
455154.505267 6785536.475968 -2221.075195 27 105
455204.505267 6785536.475968 -2241.104248 28 105
454404.505267 6785586.475968 -1890.935669 12 106
454454.505267 6785586.475968 -1912.605957 13 106
454504.505267 6785586.475968 -1949.082764 14 106
454554.505267 6785586.475968 -1986.436890 15 106
454604.505267 6785586.475968 -1999.611450 16 106
454654.505267 6785586.475968 -2027.458008 17 106
454704.505267 6785586.475968 -2044.599976 18 106
454754.505267 6785586.475968 -2066.569336 19 106
454804.505267 6785586.475968 -2083.817871 20 106
454854.505267 6785586.475968 -2104.031250 21 106
454904.505267 6785586.475968 -2125.568604 22 106
454954.505267 6785586.475968 -2147.881836 23 106
455004.505267 6785586.475968 -2152.231445 24 106
455054.505267 6785586.475968 -2171.056885 25 106
455104.505267 6785586.475968 -2197.027588 26 106
455154.505267 6785586.475968 -2217.322998 27 106
455204.505267 6785586.475968 -2236.986572 28 106
454404.505267 6785636.475968 -1923.401611 12 107
454454.505267 6785636.475968 -1944.066772 13 107
454504.505267 6785636.475968 -1928.856079 14 107
454554.505267 6785636.475968 -1964.355835 15 107
454604.505267 6785636.475968 -1996.578247 16 107
454654.505267 6785636.475968 -2029.233276 17 107
454704.505267 6785636.475968 -2054.157227 18 107
454754.505267 6785636.475968 -2081.821045 19 107
454804.505267 6785636.475968 -2108.655029 20 107
454854.505267 6785636.475968 -2125.985107 21 107
454904.505267 6785636.475968 -2157.904785 22 107
454954.505267 6785636.475968 -2180.962891 23 107
455004.505267 6785636.475968 -2212.353271 24 107
455054.505267 6785636.475968 -2219.455566 25 107
455104.505267 6785636.475968 -2192.479736 26 107
455154.505267 6785636.475968 -2201.613770 27 107
455204.505267 6785636.475968 -2221.615723 28 107
454404.505267 6785686.475968 -1933.240601 12 108
454454.505267 6785686.475968 -1954.300171 13 108
454504.505267 6785686.475968 -1969.754272 14 108
454554.505267 6785686.475968 -1988.618408 15 108
454604.505267 6785686.475968 -2003.574951 16 108
454654.505267 6785686.475968 -2023.010132 17 108
454704.505267 6785686.475968 -2041.500977 18 108
454754.505267 6785686.475968 -2063.525391 19 108
454804.505267 6785686.475968 -2086.133057 20 108
454854.505267 6785686.475968 -2103.304443 21 108
454904.505267 6785686.475968 -2120.455811 22 108
454954.505267 6785686.475968 -2136.016357 23 108
455004.505267 6785686.475968 -2153.017578 24 108
455054.505267 6785686.475968 -2165.131592 25 108
455104.505267 6785686.475968 -2184.782715 26 108
455154.505267 6785686.475968 -2202.123779 27 108
454404.505267 6785736.475968 -1927.656982 12 109
454454.505267 6785736.475968 -1936.853271 13 109
454504.505267 6785736.475968 -1947.005371 14 109
454554.505267 6785736.475968 -1962.196899 15 109
454604.505267 6785736.475968 -1981.062622 16 109
454654.505267 6785736.475968 -2003.178345 17 109
454704.505267 6785736.475968 -2024.008301 18 109
454754.505267 6785736.475968 -2046.063599 19 109
454804.505267 6785736.475968 -2068.986572 20 109
454854.505267 6785736.475968 -2093.100098 21 109
454904.505267 6785736.475968 -2111.729004 22 109
454954.505267 6785736.475968 -2130.408447 23 109
455004.505267 6785736.475968 -2156.045654 24 109
455054.505267 6785736.475968 -2184.634521 25 109
455104.505267 6785736.475968 -2210.586670 26 109
455154.505267 6785736.475968 -2233.823730 27 109
455204.505267 6785736.475968 -2239.635254 28 109
454454.505267 6785786.475968 -1932.685669 13 110
454504.505267 6785786.475968 -1941.180664 14 110
454554.505267 6785786.475968 -1939.150879 15 110
454604.505267 6785786.475968 -1942.477905 16 110
454654.505267 6785786.475968 -1972.159668 17 110
454704.505267 6785786.475968 -1973.577515 18 110
454754.505267 6785786.475968 -1989.208740 19 110
454804.505267 6785786.475968 -2017.816528 20 110
454854.505267 6785786.475968 -2043.651367 21 110
454904.505267 6785786.475968 -2071.461914 22 110
454954.505267 6785786.475968 -2103.041504 23 110
455004.505267 6785786.475968 -2133.570801 24 110
455054.505267 6785786.475968 -2159.448730 25 110
455104.505267 6785786.475968 -2185.327881 26 110
455154.505267 6785786.475968 -2212.122559 27 110
455204.505267 6785786.475968 -2231.035400 28 110
455254.505267 6785786.475968 -2234.084229 29 110
454504.505267 6785836.475968 -1940.301025 14 111
454554.505267 6785836.475968 -1959.291748 15 111
454604.505267 6785836.475968 -1972.060059 16 111
454654.505267 6785836.475968 -1977.418213 17 111
454704.505267 6785836.475968 -1999.561768 18 111
454754.505267 6785836.475968 -2018.988159 19 111
454804.505267 6785836.475968 -2038.424072 20 111
454854.505267 6785836.475968 -2054.727295 21 111
454904.505267 6785836.475968 -2083.231201 22 111
454954.505267 6785836.475968 -2110.951904 23 111
455004.505267 6785836.475968 -2136.731934 24 111
455054.505267 6785836.475968 -2165.052734 25 111
455104.505267 6785836.475968 -2187.689453 26 111
455154.505267 6785836.475968 -2209.021240 27 111
455204.505267 6785836.475968 -2228.664063 28 111
455254.505267 6785836.475968 -2240.970703 29 111
454554.505267 6785886.475968 -1953.371460 15 112
454604.505267 6785886.475968 -1968.303589 16 112
454654.505267 6785886.475968 -1980.096313 17 112
454704.505267 6785886.475968 -2005.041138 18 112
454754.505267 6785886.475968 -2029.493408 19 112
454804.505267 6785886.475968 -2056.041260 20 112
454854.505267 6785886.475968 -2086.383545 21 112
454904.505267 6785886.475968 -2123.502930 22 112
454954.505267 6785886.475968 -2169.393066 23 112
455004.505267 6785886.475968 -2201.755371 24 112
455054.505267 6785886.475968 -2232.104492 25 112
455104.505267 6785886.475968 -2257.478516 26 112
455154.505267 6785886.475968 -2244.870605 27 112
455204.505267 6785886.475968 -2231.604980 28 112
454604.505267 6785936.475968 -1942.407593 16 113
454654.505267 6785936.475968 -1972.743774 17 113
454704.505267 6785936.475968 -2000.034180 18 113
454754.505267 6785936.475968 -2030.232178 19 113
454804.505267 6785936.475968 -2056.904053 20 113
454854.505267 6785936.475968 -2081.540039 21 113
454904.505267 6785936.475968 -2111.136963 22 113
454954.505267 6785936.475968 -2152.462891 23 113
455004.505267 6785936.475968 -2189.477295 24 113
455054.505267 6785936.475968 -2229.108398 25 113
455104.505267 6785936.475968 -2262.367432 26 113
455154.505267 6785936.475968 -2272.659668 27 113
455204.505267 6785936.475968 -2262.839355 28 113
454604.505267 6785986.475968 -1934.393311 16 114
454654.505267 6785986.475968 -1948.354858 17 114
454704.505267 6785986.475968 -1967.146973 18 114
454754.505267 6785986.475968 -2009.248657 19 114
454804.505267 6785986.475968 -2046.761353 20 114
454854.505267 6785986.475968 -2077.285889 21 114
454904.505267 6785986.475968 -2108.349121 22 114
454954.505267 6785986.475968 -2140.512207 23 114
455004.505267 6785986.475968 -2169.704346 24 114
455054.505267 6785986.475968 -2214.000977 25 114
455104.505267 6785986.475968 -2242.258545 26 114
455154.505267 6785986.475968 -2271.129395 27 114
454654.505267 6786036.475968 -1927.832397 17 115
454704.505267 6786036.475968 -1939.793823 18 115
454754.505267 6786036.475968 -1982.668579 19 115
454804.505267 6786036.475968 -2031.497803 20 115
454854.505267 6786036.475968 -2052.814209 21 115
454904.505267 6786036.475968 -2077.860107 22 115
454954.505267 6786036.475968 -2106.661133 23 115
455004.505267 6786036.475968 -2139.667969 24 115
455054.505267 6786036.475968 -2184.556641 25 115
455104.505267 6786036.475968 -2205.479248 26 115
455154.505267 6786036.475968 -2232.525146 27 115
454754.505267 6786086.475968 -1963.112671 19 116
454804.505267 6786086.475968 -1988.380371 20 116
454854.505267 6786086.475968 -2015.360352 21 116
454904.505267 6786086.475968 -2066.212158 22 116
454954.505267 6786086.475968 -2126.127441 23 116
455004.505267 6786086.475968 -2190.030029 24 116
455054.505267 6786086.475968 -2230.897217 25 116
455104.505267 6786086.475968 -2253.753662 26 116
454854.505267 6786136.475968 -2012.593506 21 117
454904.505267 6786136.475968 -2065.018311 22 117
454954.505267 6786136.475968 -2128.033691 23 117
455004.505267 6786136.475968 -2189.827148 24 117
