# Type: scattered data
# Version: 6
# Description: No description
# Format: free
# Field: 1 x
# Field: 2 y
# Field: 3 z milliseconds
# Field: 4 column
# Field: 5 row
# Projection: Local Rectangular
# Units: meters
# End:
# Information from grid:
# Grid_size: 20 x 24
# Grid_space: 455070.573260,456020.573260,6782341.468155,6783491.468155
# Scattered data: Not_available
# Z_field: z
# Vertical_faults: Not_available
# History: No history
# Z_units: milliseconds
455170.573260 6782391.468155 -1898.935913 3 2
455220.573260 6782391.468155 -1886.380493 4 2
455270.573260 6782391.468155 -1882.243408 5 2
455320.573260 6782391.468155 -1878.577148 6 2
455370.573260 6782391.468155 -1858.931519 7 2
455420.573260 6782391.468155 -1844.218140 8 2
455470.573260 6782391.468155 -1843.439331 9 2
455520.573260 6782391.468155 -1840.434692 10 2
455570.573260 6782391.468155 -1842.799194 11 2
455620.573260 6782391.468155 -1836.635742 12 2
455670.573260 6782391.468155 -1824.251953 13 2
455170.573260 6782441.468155 -1902.038330 3 3
455220.573260 6782441.468155 -1898.993408 4 3
455270.573260 6782441.468155 -1885.031616 5 3
455320.573260 6782441.468155 -1876.254517 6 3
455370.573260 6782441.468155 -1871.079468 7 3
455420.573260 6782441.468155 -1841.713745 8 3
455470.573260 6782441.468155 -1856.085205 9 3
455520.573260 6782441.468155 -1846.422119 10 3
455570.573260 6782441.468155 -1842.568237 11 3
455620.573260 6782441.468155 -1837.249878 12 3
455670.573260 6782441.468155 -1821.513184 13 3
455720.573260 6782441.468155 -1814.309082 14 3
455770.573260 6782441.468155 -1801.696289 15 3
455820.573260 6782441.468155 -1799.032349 16 3
455120.573260 6782491.468155 -1905.216431 2 4
455170.573260 6782491.468155 -1900.747803 3 4
455220.573260 6782491.468155 -1891.803589 4 4
455270.573260 6782491.468155 -1884.097778 5 4
455320.573260 6782491.468155 -1877.683472 6 4
455370.573260 6782491.468155 -1876.804443 7 4
455420.573260 6782491.468155 -1861.316040 8 4
455470.573260 6782491.468155 -1865.329590 9 4
455520.573260 6782491.468155 -1852.202393 10 4
455570.573260 6782491.468155 -1846.035034 11 4
455620.573260 6782491.468155 -1839.401978 12 4
455670.573260 6782491.468155 -1823.906006 13 4
455720.573260 6782491.468155 -1816.006470 14 4
455770.573260 6782491.468155 -1802.961548 15 4
455820.573260 6782491.468155 -1800.674561 16 4
455870.573260 6782491.468155 -1795.913086 17 4
455120.573260 6782541.468155 -1900.136841 2 5
455170.573260 6782541.468155 -1895.842041 3 5
455220.573260 6782541.468155 -1889.117310 4 5
455270.573260 6782541.468155 -1885.913330 5 5
455320.573260 6782541.468155 -1878.276489 6 5
455370.573260 6782541.468155 -1877.135742 7 5
455420.573260 6782541.468155 -1866.664917 8 5
455470.573260 6782541.468155 -1862.907715 9 5
455520.573260 6782541.468155 -1854.802246 10 5
455570.573260 6782541.468155 -1849.547485 11 5
455620.573260 6782541.468155 -1841.082886 12 5
455670.573260 6782541.468155 -1829.157227 13 5
455720.573260 6782541.468155 -1818.465576 14 5
455770.573260 6782541.468155 -1808.282227 15 5
455820.573260 6782541.468155 -1802.276245 16 5
455870.573260 6782541.468155 -1798.376831 17 5
455920.573260 6782541.468155 -1792.630249 18 5
455120.573260 6782591.468155 -1892.107422 2 6
455170.573260 6782591.468155 -1890.693848 3 6
455220.573260 6782591.468155 -1894.139282 4 6
455270.573260 6782591.468155 -1891.483154 5 6
455320.573260 6782591.468155 -1882.830566 6 6
455370.573260 6782591.468155 -1879.657104 7 6
455420.573260 6782591.468155 -1866.088379 8 6
455470.573260 6782591.468155 -1860.358032 9 6
455520.573260 6782591.468155 -1852.282593 10 6
455570.573260 6782591.468155 -1848.267822 11 6
455620.573260 6782591.468155 -1840.109497 12 6
455670.573260 6782591.468155 -1830.416870 13 6
455720.573260 6782591.468155 -1820.075928 14 6
455770.573260 6782591.468155 -1809.864258 15 6
455820.573260 6782591.468155 -1804.683716 16 6
455870.573260 6782591.468155 -1801.768433 17 6
455920.573260 6782591.468155 -1795.930420 18 6
455120.573260 6782641.468155 -1900.946411 2 7
455170.573260 6782641.468155 -1896.796509 3 7
455220.573260 6782641.468155 -1899.336182 4 7
455270.573260 6782641.468155 -1890.875244 5 7
455320.573260 6782641.468155 -1887.261841 6 7
455370.573260 6782641.468155 -1880.795044 7 7
455420.573260 6782641.468155 -1870.385376 8 7
455470.573260 6782641.468155 -1859.182983 9 7
455520.573260 6782641.468155 -1855.533447 10 7
455570.573260 6782641.468155 -1840.143311 11 7
455620.573260 6782641.468155 -1830.697266 12 7
455670.573260 6782641.468155 -1829.426392 13 7
455720.573260 6782641.468155 -1817.672974 14 7
455770.573260 6782641.468155 -1815.501221 15 7
455820.573260 6782641.468155 -1810.188110 16 7
455870.573260 6782641.468155 -1805.208618 17 7
455920.573260 6782641.468155 -1799.096924 18 7
455970.573260 6782641.468155 -1792.451172 19 7
455120.573260 6782691.468155 -1901.792236 2 8
455170.573260 6782691.468155 -1893.567993 3 8
455220.573260 6782691.468155 -1893.527710 4 8
455270.573260 6782691.468155 -1883.044312 5 8
455320.573260 6782691.468155 -1883.848267 6 8
455370.573260 6782691.468155 -1880.590942 7 8
455420.573260 6782691.468155 -1866.345459 8 8
455470.573260 6782691.468155 -1857.311035 9 8
455520.573260 6782691.468155 -1853.445801 10 8
455570.573260 6782691.468155 -1836.268555 11 8
455620.573260 6782691.468155 -1825.928589 12 8
455670.573260 6782691.468155 -1825.385376 13 8
455720.573260 6782691.468155 -1815.952148 14 8
455770.573260 6782691.468155 -1816.867798 15 8
455820.573260 6782691.468155 -1813.712280 16 8
455870.573260 6782691.468155 -1808.431274 17 8
455920.573260 6782691.468155 -1802.163452 18 8
455970.573260 6782691.468155 -1795.678345 19 8
455120.573260 6782741.468155 -1901.995239 2 9
455170.573260 6782741.468155 -1895.568237 3 9
455220.573260 6782741.468155 -1899.894897 4 9
455270.573260 6782741.468155 -1893.749146 5 9
455320.573260 6782741.468155 -1873.282104 6 9
455370.573260 6782741.468155 -1869.153320 7 9
455420.573260 6782741.468155 -1865.183960 8 9
455470.573260 6782741.468155 -1865.915527 9 9
455520.573260 6782741.468155 -1862.231445 10 9
455570.573260 6782741.468155 -1850.245361 11 9
455620.573260 6782741.468155 -1833.444458 12 9
455670.573260 6782741.468155 -1827.223145 13 9
455720.573260 6782741.468155 -1816.914673 14 9
455770.573260 6782741.468155 -1812.679077 15 9
455820.573260 6782741.468155 -1815.050781 16 9
455870.573260 6782741.468155 -1811.327515 17 9
455920.573260 6782741.468155 -1805.254883 18 9
455970.573260 6782741.468155 -1798.901367 19 9
455120.573260 6782791.468155 -1907.392334 2 10
455170.573260 6782791.468155 -1900.543823 3 10
455220.573260 6782791.468155 -1891.837402 4 10
455270.573260 6782791.468155 -1881.411987 5 10
455320.573260 6782791.468155 -1867.111694 6 10
455370.573260 6782791.468155 -1862.997559 7 10
455420.573260 6782791.468155 -1863.166260 8 10
455470.573260 6782791.468155 -1868.480347 9 10
455520.573260 6782791.468155 -1867.007446 10 10
455570.573260 6782791.468155 -1857.718140 11 10
455620.573260 6782791.468155 -1843.554077 12 10
455670.573260 6782791.468155 -1835.258789 13 10
455720.573260 6782791.468155 -1824.129761 14 10
455770.573260 6782791.468155 -1817.957642 15 10
455820.573260 6782791.468155 -1819.380859 16 10
455870.573260 6782791.468155 -1814.658936 17 10
455920.573260 6782791.468155 -1808.402588 18 10
455970.573260 6782791.468155 -1802.034424 19 10
455120.573260 6782841.468155 -1904.831055 2 11
455170.573260 6782841.468155 -1900.167114 3 11
455220.573260 6782841.468155 -1883.576660 4 11
455270.573260 6782841.468155 -1874.864624 5 11
455320.573260 6782841.468155 -1872.994263 6 11
455370.573260 6782841.468155 -1866.793457 7 11
455420.573260 6782841.468155 -1864.852905 8 11
455470.573260 6782841.468155 -1864.643188 9 11
455520.573260 6782841.468155 -1862.029175 10 11
455570.573260 6782841.468155 -1856.044312 11 11
455620.573260 6782841.468155 -1851.726929 12 11
455670.573260 6782841.468155 -1844.523560 13 11
455720.573260 6782841.468155 -1831.790161 14 11
455770.573260 6782841.468155 -1831.425537 15 11
455820.573260 6782841.468155 -1822.989502 16 11
455870.573260 6782841.468155 -1816.974121 17 11
455920.573260 6782841.468155 -1811.029297 18 11
455970.573260 6782841.468155 -1804.776245 19 11
455120.573260 6782891.468155 -1907.291870 2 12
455170.573260 6782891.468155 -1907.680176 3 12
455220.573260 6782891.468155 -1887.163086 4 12
455270.573260 6782891.468155 -1885.025879 5 12
455320.573260 6782891.468155 -1881.885864 6 12
455370.573260 6782891.468155 -1873.983887 7 12
455420.573260 6782891.468155 -1873.806152 8 12
455470.573260 6782891.468155 -1873.908569 9 12
455520.573260 6782891.468155 -1862.683838 10 12
455570.573260 6782891.468155 -1858.463745 11 12
455620.573260 6782891.468155 -1863.582275 12 12
455670.573260 6782891.468155 -1851.216675 13 12
455720.573260 6782891.468155 -1838.960938 14 12
455770.573260 6782891.468155 -1833.149414 15 12
455820.573260 6782891.468155 -1820.795288 16 12
455870.573260 6782891.468155 -1819.001831 17 12
455920.573260 6782891.468155 -1813.459961 18 12
455120.573260 6782941.468155 -1912.828125 2 13
455170.573260 6782941.468155 -1918.448730 3 13
455220.573260 6782941.468155 -1908.255249 4 13
455270.573260 6782941.468155 -1892.880737 5 13
455320.573260 6782941.468155 -1881.480225 6 13
455370.573260 6782941.468155 -1880.107056 7 13
455420.573260 6782941.468155 -1877.490112 8 13
455470.573260 6782941.468155 -1876.861816 9 13
455520.573260 6782941.468155 -1868.677490 10 13
455570.573260 6782941.468155 -1870.920288 11 13
455620.573260 6782941.468155 -1871.067627 12 13
455670.573260 6782941.468155 -1851.405029 13 13
455720.573260 6782941.468155 -1839.514282 14 13
455770.573260 6782941.468155 -1828.268066 15 13
455820.573260 6782941.468155 -1823.470703 16 13
455870.573260 6782941.468155 -1820.761963 17 13
455920.573260 6782941.468155 -1815.526855 18 13
455120.573260 6782991.468155 -1918.269043 2 14
455170.573260 6782991.468155 -1918.523560 3 14
455220.573260 6782991.468155 -1916.713135 4 14
455270.573260 6782991.468155 -1909.107544 5 14
455320.573260 6782991.468155 -1901.481201 6 14
455370.573260 6782991.468155 -1893.155029 7 14
455420.573260 6782991.468155 -1897.314819 8 14
455470.573260 6782991.468155 -1892.493042 9 14
455520.573260 6782991.468155 -1890.261597 10 14
455570.573260 6782991.468155 -1880.519043 11 14
455620.573260 6782991.468155 -1872.597656 12 14
455670.573260 6782991.468155 -1857.673096 13 14
455720.573260 6782991.468155 -1853.394409 14 14
455770.573260 6782991.468155 -1836.608032 15 14
455820.573260 6782991.468155 -1832.814819 16 14
455870.573260 6782991.468155 -1825.555908 17 14
455920.573260 6782991.468155 -1818.533325 18 14
455120.573260 6783041.468155 -1923.750000 2 15
455170.573260 6783041.468155 -1925.185791 3 15
455220.573260 6783041.468155 -1919.452271 4 15
455270.573260 6783041.468155 -1916.608032 5 15
455320.573260 6783041.468155 -1911.406616 6 15
455370.573260 6783041.468155 -1898.349854 7 15
455420.573260 6783041.468155 -1891.787720 8 15
455470.573260 6783041.468155 -1893.557495 9 15
455520.573260 6783041.468155 -1886.002686 10 15
455570.573260 6783041.468155 -1875.663818 11 15
455620.573260 6783041.468155 -1868.839478 12 15
455670.573260 6783041.468155 -1857.089966 13 15
455720.573260 6783041.468155 -1854.349243 14 15
455770.573260 6783041.468155 -1836.925293 15 15
455820.573260 6783041.468155 -1832.550293 16 15
455870.573260 6783041.468155 -1826.907715 17 15
455920.573260 6783041.468155 -1820.842896 18 15
455120.573260 6783091.468155 -1923.041626 2 16
455170.573260 6783091.468155 -1924.568848 3 16
455220.573260 6783091.468155 -1916.941406 4 16
455270.573260 6783091.468155 -1911.723877 5 16
455320.573260 6783091.468155 -1905.164429 6 16
455370.573260 6783091.468155 -1899.537109 7 16
455420.573260 6783091.468155 -1883.716309 8 16
455470.573260 6783091.468155 -1887.568481 9 16
455520.573260 6783091.468155 -1882.084351 10 16
455570.573260 6783091.468155 -1872.284912 11 16
455620.573260 6783091.468155 -1869.488403 12 16
455670.573260 6783091.468155 -1863.412720 13 16
455720.573260 6783091.468155 -1851.864502 14 16
455770.573260 6783091.468155 -1841.706787 15 16
455820.573260 6783091.468155 -1832.746948 16 16
455870.573260 6783091.468155 -1829.863647 17 16
455920.573260 6783091.468155 -1823.481079 18 16
455170.573260 6783141.468155 -1922.293701 3 17
455220.573260 6783141.468155 -1913.370972 4 17
455270.573260 6783141.468155 -1899.677124 5 17
455320.573260 6783141.468155 -1886.138062 6 17
455370.573260 6783141.468155 -1883.449463 7 17
455420.573260 6783141.468155 -1878.736938 8 17
455470.573260 6783141.468155 -1874.638550 9 17
455520.573260 6783141.468155 -1862.715210 10 17
455570.573260 6783141.468155 -1868.730957 11 17
455620.573260 6783141.468155 -1867.799194 12 17
455670.573260 6783141.468155 -1861.006348 13 17
455720.573260 6783141.468155 -1855.701782 14 17
455770.573260 6783141.468155 -1847.671631 15 17
455820.573260 6783141.468155 -1838.090210 16 17
455870.573260 6783141.468155 -1831.771118 17 17
455920.573260 6783141.468155 -1825.004761 18 17
455270.573260 6783191.468155 -1907.220947 5 18
455320.573260 6783191.468155 -1899.723267 6 18
455370.573260 6783191.468155 -1894.358887 7 18
455420.573260 6783191.468155 -1880.634766 8 18
455470.573260 6783191.468155 -1880.787842 9 18
455520.573260 6783191.468155 -1871.602539 10 18
455570.573260 6783191.468155 -1868.834229 11 18
455620.573260 6783191.468155 -1866.304077 12 18
455670.573260 6783191.468155 -1843.785889 13 18
455720.573260 6783191.468155 -1847.753784 14 18
455770.573260 6783191.468155 -1846.760254 15 18
455820.573260 6783191.468155 -1839.292358 16 18
455870.573260 6783191.468155 -1832.264404 17 18
455920.573260 6783191.468155 -1825.416016 18 18
455320.573260 6783241.468155 -1901.398926 6 19
455370.573260 6783241.468155 -1902.331543 7 19
455420.573260 6783241.468155 -1882.333008 8 19
455470.573260 6783241.468155 -1882.387451 9 19
455520.573260 6783241.468155 -1881.395264 10 19
455570.573260 6783241.468155 -1881.613647 11 19
455620.573260 6783241.468155 -1865.322876 12 19
455670.573260 6783241.468155 -1846.148926 13 19
455720.573260 6783241.468155 -1850.863525 14 19
455770.573260 6783241.468155 -1835.771240 15 19
455820.573260 6783241.468155 -1835.217651 16 19
455870.573260 6783241.468155 -1830.928467 17 19
455920.573260 6783241.468155 -1824.949097 18 19
455370.573260 6783291.468155 -1915.816650 7 20
455420.573260 6783291.468155 -1897.736938 8 20
455470.573260 6783291.468155 -1892.374268 9 20
455520.573260 6783291.468155 -1885.010254 10 20
455570.573260 6783291.468155 -1880.131348 11 20
455620.573260 6783291.468155 -1866.664063 12 20
455670.573260 6783291.468155 -1851.547607 13 20
455720.573260 6783291.468155 -1849.076782 14 20
455770.573260 6783291.468155 -1835.023560 15 20
455820.573260 6783291.468155 -1835.360840 16 20
455870.573260 6783291.468155 -1830.721313 17 20
455920.573260 6783291.468155 -1824.644287 18 20
455470.573260 6783341.468155 -1892.878296 9 21
455520.573260 6783341.468155 -1884.656494 10 21
455570.573260 6783341.468155 -1876.946533 11 21
455620.573260 6783341.468155 -1866.689941 12 21
455670.573260 6783341.468155 -1859.191284 13 21
455720.573260 6783341.468155 -1849.363892 14 21
455770.573260 6783341.468155 -1840.161011 15 21
455820.573260 6783341.468155 -1836.107056 16 21
455870.573260 6783341.468155 -1830.723022 17 21
455520.573260 6783391.468155 -1866.254028 10 22
455570.573260 6783391.468155 -1867.725098 11 22
455620.573260 6783391.468155 -1866.635254 12 22
455670.573260 6783391.468155 -1861.405884 13 22
455720.573260 6783391.468155 -1848.554199 14 22
455770.573260 6783391.468155 -1844.152222 15 22
455820.573260 6783391.468155 -1838.182251 16 22
455870.573260 6783391.468155 -1831.475830 17 22
455620.573260 6783441.468155 -1867.593384 12 23
455670.573260 6783441.468155 -1863.635010 13 23
455720.573260 6783441.468155 -1850.656006 14 23
455770.573260 6783441.468155 -1846.691284 15 23
455820.573260 6783441.468155 -1840.052124 16 23
