# Type: scattered data
# Version: 6
# Description: No description
# Format: free
# Field: 1 x
# Field: 2 y
# Field: 3 z milliseconds
# Field: 4 column
# Field: 5 row
# Projection: Local Rectangular
# Units: meters
# End:
# Information from grid:
# Grid_size: 49 x 35
# Grid_space: 454154.327655,456554.327655,6780294.440568,6781994.440568
# Scattered data: Not_available
# Z_field: z
# Vertical_faults: Not_available
# History: No history
# Z_units: milliseconds
454404.327655 6780344.440568 -2070.402100 6 2
454454.327655 6780344.440568 -2065.912598 7 2
454504.327655 6780344.440568 -2063.159180 8 2
454554.327655 6780344.440568 -2055.058350 9 2
454604.327655 6780344.440568 -2041.631104 10 2
454654.327655 6780344.440568 -2020.129883 11 2
454704.327655 6780344.440568 -2013.136108 12 2
454754.327655 6780344.440568 -2011.744751 13 2
454804.327655 6780344.440568 -1998.227173 14 2
454854.327655 6780344.440568 -1981.456787 15 2
454904.327655 6780344.440568 -1974.290649 16 2
454954.327655 6780344.440568 -1971.968872 17 2
455004.327655 6780344.440568 -1970.284058 18 2
455054.327655 6780344.440568 -1962.741699 19 2
455104.327655 6780344.440568 -1960.236206 20 2
455154.327655 6780344.440568 -1958.070679 21 2
455204.327655 6780344.440568 -1951.167725 22 2
455254.327655 6780344.440568 -1951.571167 23 2
455304.327655 6780344.440568 -1945.040039 24 2
455354.327655 6780344.440568 -1934.132446 25 2
455404.327655 6780344.440568 -1929.145630 26 2
455454.327655 6780344.440568 -1919.562500 27 2
455504.327655 6780344.440568 -1909.954224 28 2
455554.327655 6780344.440568 -1897.891602 29 2
455604.327655 6780344.440568 -1886.074829 30 2
455654.327655 6780344.440568 -1878.278076 31 2
455704.327655 6780344.440568 -1876.849243 32 2
455754.327655 6780344.440568 -1881.640015 33 2
454354.327655 6780394.440568 -2078.283936 5 3
454404.327655 6780394.440568 -2071.946533 6 3
454454.327655 6780394.440568 -2065.694336 7 3
454504.327655 6780394.440568 -2060.253662 8 3
454554.327655 6780394.440568 -2058.347168 9 3
454604.327655 6780394.440568 -2045.979004 10 3
454654.327655 6780394.440568 -2028.850220 11 3
454704.327655 6780394.440568 -2022.005737 12 3
454754.327655 6780394.440568 -2010.189453 13 3
454804.327655 6780394.440568 -1998.941528 14 3
454854.327655 6780394.440568 -1983.917114 15 3
454904.327655 6780394.440568 -1979.866699 16 3
454954.327655 6780394.440568 -1971.409302 17 3
455004.327655 6780394.440568 -1967.149048 18 3
455054.327655 6780394.440568 -1967.171753 19 3
455104.327655 6780394.440568 -1960.603271 20 3
455154.327655 6780394.440568 -1956.581787 21 3
455204.327655 6780394.440568 -1952.585327 22 3
455254.327655 6780394.440568 -1949.048462 23 3
455304.327655 6780394.440568 -1944.168579 24 3
455354.327655 6780394.440568 -1937.084595 25 3
455404.327655 6780394.440568 -1933.479858 26 3
455454.327655 6780394.440568 -1913.529785 27 3
455504.327655 6780394.440568 -1911.278076 28 3
455554.327655 6780394.440568 -1900.660034 29 3
455604.327655 6780394.440568 -1880.904541 30 3
455654.327655 6780394.440568 -1875.638062 31 3
455704.327655 6780394.440568 -1874.269653 32 3
455754.327655 6780394.440568 -1880.463623 33 3
454254.327655 6780444.440568 -2080.676025 3 4
454304.327655 6780444.440568 -2076.984375 4 4
454354.327655 6780444.440568 -2068.559570 5 4
454404.327655 6780444.440568 -2062.540527 6 4
454454.327655 6780444.440568 -2059.052002 7 4
454504.327655 6780444.440568 -2052.339355 8 4
454554.327655 6780444.440568 -2045.186646 9 4
454604.327655 6780444.440568 -2038.087402 10 4
454654.327655 6780444.440568 -2030.954468 11 4
454704.327655 6780444.440568 -2021.610474 12 4
454754.327655 6780444.440568 -2009.756958 13 4
454804.327655 6780444.440568 -1999.399536 14 4
454854.327655 6780444.440568 -1983.917969 15 4
454904.327655 6780444.440568 -1981.383545 16 4
454954.327655 6780444.440568 -1960.522827 17 4
455004.327655 6780444.440568 -1950.104004 18 4
455054.327655 6780444.440568 -1958.254272 19 4
455104.327655 6780444.440568 -1948.241699 20 4
455154.327655 6780444.440568 -1945.646606 21 4
455204.327655 6780444.440568 -1945.699341 22 4
455254.327655 6780444.440568 -1951.849731 23 4
455304.327655 6780444.440568 -1951.500854 24 4
455354.327655 6780444.440568 -1939.273071 25 4
455404.327655 6780444.440568 -1937.362671 26 4
455454.327655 6780444.440568 -1918.210815 27 4
455504.327655 6780444.440568 -1915.022583 28 4
455554.327655 6780444.440568 -1905.813721 29 4
455604.327655 6780444.440568 -1882.359497 30 4
455654.327655 6780444.440568 -1882.302612 31 4
455704.327655 6780444.440568 -1880.746704 32 4
455754.327655 6780444.440568 -1885.503662 33 4
455804.327655 6780444.440568 -1886.861450 34 4
454204.327655 6780494.440568 -2080.258789 2 5
454254.327655 6780494.440568 -2076.565674 3 5
454304.327655 6780494.440568 -2076.200928 4 5
454354.327655 6780494.440568 -2065.341309 5 5
454404.327655 6780494.440568 -2053.931396 6 5
454454.327655 6780494.440568 -2055.994385 7 5
454504.327655 6780494.440568 -2054.072510 8 5
454554.327655 6780494.440568 -2044.240723 9 5
454604.327655 6780494.440568 -2031.484253 10 5
454654.327655 6780494.440568 -2025.313965 11 5
454704.327655 6780494.440568 -2014.731812 12 5
454754.327655 6780494.440568 -2006.513550 13 5
454804.327655 6780494.440568 -1996.193237 14 5
454854.327655 6780494.440568 -1985.619873 15 5
454904.327655 6780494.440568 -1991.016602 16 5
454954.327655 6780494.440568 -1973.115967 17 5
455004.327655 6780494.440568 -1951.885498 18 5
455054.327655 6780494.440568 -1960.047607 19 5
455104.327655 6780494.440568 -1951.177979 20 5
455154.327655 6780494.440568 -1952.486938 21 5
455204.327655 6780494.440568 -1945.323364 22 5
455254.327655 6780494.440568 -1942.913574 23 5
455304.327655 6780494.440568 -1952.083740 24 5
455354.327655 6780494.440568 -1939.588989 25 5
455404.327655 6780494.440568 -1923.585327 26 5
455454.327655 6780494.440568 -1916.651367 27 5
455504.327655 6780494.440568 -1911.170532 28 5
455554.327655 6780494.440568 -1901.161377 29 5
455604.327655 6780494.440568 -1897.692993 30 5
455654.327655 6780494.440568 -1890.929688 31 5
455704.327655 6780494.440568 -1883.632324 32 5
455754.327655 6780494.440568 -1890.046509 33 5
455804.327655 6780494.440568 -1891.730103 34 5
454204.327655 6780544.440568 -2077.743408 2 6
454254.327655 6780544.440568 -2075.333496 3 6
454304.327655 6780544.440568 -2076.971436 4 6
454354.327655 6780544.440568 -2070.348389 5 6
454404.327655 6780544.440568 -2058.064453 6 6
454454.327655 6780544.440568 -2053.474365 7 6
454504.327655 6780544.440568 -2051.881836 8 6
454554.327655 6780544.440568 -2045.801880 9 6
454604.327655 6780544.440568 -2038.828979 10 6
454654.327655 6780544.440568 -2023.145020 11 6
454704.327655 6780544.440568 -2016.363281 12 6
454754.327655 6780544.440568 -2006.027954 13 6
454804.327655 6780544.440568 -1995.164551 14 6
454854.327655 6780544.440568 -1988.188965 15 6
454904.327655 6780544.440568 -1993.584229 16 6
454954.327655 6780544.440568 -1978.144287 17 6
455004.327655 6780544.440568 -1954.799683 18 6
455054.327655 6780544.440568 -1965.615112 19 6
455104.327655 6780544.440568 -1956.379517 20 6
455154.327655 6780544.440568 -1956.572144 21 6
455204.327655 6780544.440568 -1942.244263 22 6
455254.327655 6780544.440568 -1936.161865 23 6
455304.327655 6780544.440568 -1937.270142 24 6
455354.327655 6780544.440568 -1939.134277 25 6
455404.327655 6780544.440568 -1922.056519 26 6
455454.327655 6780544.440568 -1909.556641 27 6
455504.327655 6780544.440568 -1903.395508 28 6
455554.327655 6780544.440568 -1900.002075 29 6
455604.327655 6780544.440568 -1899.978516 30 6
455654.327655 6780544.440568 -1896.535645 31 6
455704.327655 6780544.440568 -1884.671021 32 6
455754.327655 6780544.440568 -1890.284912 33 6
455804.327655 6780544.440568 -1891.427124 34 6
456354.327655 6780544.440568 -1894.452637 45 6
456404.327655 6780544.440568 -1890.871460 46 6
456454.327655 6780544.440568 -1888.173950 47 6
454254.327655 6780594.440568 -2082.885498 3 7
454304.327655 6780594.440568 -2080.188721 4 7
454354.327655 6780594.440568 -2071.041992 5 7
454404.327655 6780594.440568 -2066.836426 6 7
454454.327655 6780594.440568 -2055.204102 7 7
454504.327655 6780594.440568 -2049.170166 8 7
454554.327655 6780594.440568 -2046.649658 9 7
454604.327655 6780594.440568 -2042.198608 10 7
454654.327655 6780594.440568 -2036.213989 11 7
454704.327655 6780594.440568 -2023.150757 12 7
454754.327655 6780594.440568 -2014.498413 13 7
454804.327655 6780594.440568 -2002.567993 14 7
454854.327655 6780594.440568 -2000.395630 15 7
454904.327655 6780594.440568 -1993.364746 16 7
454954.327655 6780594.440568 -1983.088379 17 7
455004.327655 6780594.440568 -1967.111328 18 7
455054.327655 6780594.440568 -1957.328979 19 7
455104.327655 6780594.440568 -1952.942627 20 7
455154.327655 6780594.440568 -1948.337769 21 7
455204.327655 6780594.440568 -1950.346069 22 7
455254.327655 6780594.440568 -1944.945801 23 7
455304.327655 6780594.440568 -1941.515381 24 7
455354.327655 6780594.440568 -1943.589233 25 7
455404.327655 6780594.440568 -1934.663940 26 7
455454.327655 6780594.440568 -1925.149780 27 7
455504.327655 6780594.440568 -1892.490845 28 7
455554.327655 6780594.440568 -1891.633301 29 7
455604.327655 6780594.440568 -1897.088745 30 7
455654.327655 6780594.440568 -1900.201904 31 7
455704.327655 6780594.440568 -1897.111328 32 7
455754.327655 6780594.440568 -1888.727539 33 7
455804.327655 6780594.440568 -1888.584717 34 7
455854.327655 6780594.440568 -1888.721436 35 7
456354.327655 6780594.440568 -1890.960693 45 7
456404.327655 6780594.440568 -1887.934570 46 7
456454.327655 6780594.440568 -1886.674927 47 7
454304.327655 6780644.440568 -2083.348389 4 8
454354.327655 6780644.440568 -2072.718018 5 8
454404.327655 6780644.440568 -2069.203613 6 8
454454.327655 6780644.440568 -2061.619873 7 8
454504.327655 6780644.440568 -2051.830078 8 8
454554.327655 6780644.440568 -2048.334717 9 8
454604.327655 6780644.440568 -2044.434082 10 8
454654.327655 6780644.440568 -2038.520752 11 8
454704.327655 6780644.440568 -2033.666260 12 8
454754.327655 6780644.440568 -2017.927002 13 8
454804.327655 6780644.440568 -2013.896484 14 8
454854.327655 6780644.440568 -2005.080566 15 8
454904.327655 6780644.440568 -1995.802002 16 8
454954.327655 6780644.440568 -1987.099854 17 8
455004.327655 6780644.440568 -1976.226685 18 8
455054.327655 6780644.440568 -1965.450928 19 8
455104.327655 6780644.440568 -1960.846436 20 8
455154.327655 6780644.440568 -1952.006714 21 8
455204.327655 6780644.440568 -1951.989868 22 8
455254.327655 6780644.440568 -1950.558350 23 8
455304.327655 6780644.440568 -1947.769287 24 8
455354.327655 6780644.440568 -1945.594482 25 8
455404.327655 6780644.440568 -1940.938843 26 8
455454.327655 6780644.440568 -1930.384644 27 8
455504.327655 6780644.440568 -1898.072754 28 8
455554.327655 6780644.440568 -1893.794067 29 8
455604.327655 6780644.440568 -1901.322998 30 8
455654.327655 6780644.440568 -1901.151001 31 8
455704.327655 6780644.440568 -1898.039551 32 8
455754.327655 6780644.440568 -1894.232544 33 8
455804.327655 6780644.440568 -1896.633423 34 8
455854.327655 6780644.440568 -1893.331543 35 8
455904.327655 6780644.440568 -1881.140747 36 8
456354.327655 6780644.440568 -1886.594727 45 8
456404.327655 6780644.440568 -1885.008545 46 8
456454.327655 6780644.440568 -1886.225952 47 8
454404.327655 6780694.440568 -2073.836914 6 9
454454.327655 6780694.440568 -2066.413086 7 9
454504.327655 6780694.440568 -2060.319092 8 9
454554.327655 6780694.440568 -2052.183105 9 9
454604.327655 6780694.440568 -2040.645142 10 9
454654.327655 6780694.440568 -2040.928589 11 9
454704.327655 6780694.440568 -2028.312378 12 9
454754.327655 6780694.440568 -2024.588745 13 9
454804.327655 6780694.440568 -2008.099854 14 9
454854.327655 6780694.440568 -2005.149292 15 9
454904.327655 6780694.440568 -1998.918945 16 9
454954.327655 6780694.440568 -1988.994019 17 9
455004.327655 6780694.440568 -1984.150513 18 9
455054.327655 6780694.440568 -1974.167847 19 9
455104.327655 6780694.440568 -1966.288086 20 9
455154.327655 6780694.440568 -1961.206543 21 9
455204.327655 6780694.440568 -1960.335571 22 9
455254.327655 6780694.440568 -1954.767334 23 9
455304.327655 6780694.440568 -1951.503662 24 9
455354.327655 6780694.440568 -1947.221558 25 9
455404.327655 6780694.440568 -1936.593994 26 9
455454.327655 6780694.440568 -1932.190430 27 9
455504.327655 6780694.440568 -1911.711182 28 9
455554.327655 6780694.440568 -1923.338135 29 9
455604.327655 6780694.440568 -1900.566528 30 9
455654.327655 6780694.440568 -1897.981323 31 9
455704.327655 6780694.440568 -1898.446167 32 9
455754.327655 6780694.440568 -1891.954834 33 9
455804.327655 6780694.440568 -1902.393677 34 9
455854.327655 6780694.440568 -1899.388672 35 9
455904.327655 6780694.440568 -1877.247437 36 9
455954.327655 6780694.440568 -1866.606812 37 9
456354.327655 6780694.440568 -1884.075439 45 9
456404.327655 6780694.440568 -1883.798096 46 9
456454.327655 6780694.440568 -1884.544678 47 9
454454.327655 6780744.440568 -2073.302246 7 10
454504.327655 6780744.440568 -2067.873047 8 10
454554.327655 6780744.440568 -2060.279541 9 10
454604.327655 6780744.440568 -2055.565430 10 10
454654.327655 6780744.440568 -2050.167480 11 10
454704.327655 6780744.440568 -2028.203247 12 10
454754.327655 6780744.440568 -2028.468018 13 10
454804.327655 6780744.440568 -2019.263428 14 10
454854.327655 6780744.440568 -2010.616211 15 10
454904.327655 6780744.440568 -2005.709839 16 10
454954.327655 6780744.440568 -1996.228638 17 10
455004.327655 6780744.440568 -1987.271606 18 10
455054.327655 6780744.440568 -1978.815186 19 10
455104.327655 6780744.440568 -1971.380615 20 10
455154.327655 6780744.440568 -1963.949219 21 10
455204.327655 6780744.440568 -1959.419434 22 10
455254.327655 6780744.440568 -1957.446777 23 10
455304.327655 6780744.440568 -1954.630859 24 10
455354.327655 6780744.440568 -1950.989746 25 10
455404.327655 6780744.440568 -1942.908691 26 10
455454.327655 6780744.440568 -1937.928833 27 10
455504.327655 6780744.440568 -1930.057983 28 10
455554.327655 6780744.440568 -1934.993042 29 10
455604.327655 6780744.440568 -1910.056030 30 10
455654.327655 6780744.440568 -1900.799927 31 10
455704.327655 6780744.440568 -1895.308472 32 10
455754.327655 6780744.440568 -1892.875122 33 10
455804.327655 6780744.440568 -1897.952393 34 10
455854.327655 6780744.440568 -1890.934570 35 10
455904.327655 6780744.440568 -1863.732300 36 10
455954.327655 6780744.440568 -1859.534790 37 10
456004.327655 6780744.440568 -1863.684082 38 10
456354.327655 6780744.440568 -1883.539917 45 10
456404.327655 6780744.440568 -1881.216919 46 10
456454.327655 6780744.440568 -1881.504517 47 10
454504.327655 6780794.440568 -2072.585938 8 11
454554.327655 6780794.440568 -2067.436768 9 11
454604.327655 6780794.440568 -2055.382080 10 11
454654.327655 6780794.440568 -2049.204102 11 11
454704.327655 6780794.440568 -2035.477905 12 11
454754.327655 6780794.440568 -2030.976807 13 11
454804.327655 6780794.440568 -2021.241455 14 11
454854.327655 6780794.440568 -2016.194092 15 11
454904.327655 6780794.440568 -2010.040527 16 11
454954.327655 6780794.440568 -2002.744873 17 11
455004.327655 6780794.440568 -1992.275757 18 11
455054.327655 6780794.440568 -1984.620605 19 11
455104.327655 6780794.440568 -1975.413452 20 11
455154.327655 6780794.440568 -1966.006836 21 11
455204.327655 6780794.440568 -1963.702881 22 11
455254.327655 6780794.440568 -1964.588379 23 11
455304.327655 6780794.440568 -1955.986572 24 11
455354.327655 6780794.440568 -1955.405029 25 11
455404.327655 6780794.440568 -1948.250732 26 11
455454.327655 6780794.440568 -1950.647583 27 11
455504.327655 6780794.440568 -1930.469849 28 11
455554.327655 6780794.440568 -1932.843262 29 11
455604.327655 6780794.440568 -1920.287354 30 11
455654.327655 6780794.440568 -1905.813965 31 11
455704.327655 6780794.440568 -1895.081543 32 11
455754.327655 6780794.440568 -1890.377563 33 11
455804.327655 6780794.440568 -1896.052246 34 11
455854.327655 6780794.440568 -1891.379883 35 11
455904.327655 6780794.440568 -1862.634155 36 11
455954.327655 6780794.440568 -1864.878784 37 11
456004.327655 6780794.440568 -1862.363525 38 11
456354.327655 6780794.440568 -1875.800049 45 11
456404.327655 6780794.440568 -1876.833862 46 11
456454.327655 6780794.440568 -1876.393066 47 11
454554.327655 6780844.440568 -2073.348633 9 12
454604.327655 6780844.440568 -2066.620850 10 12
454654.327655 6780844.440568 -2054.922607 11 12
454704.327655 6780844.440568 -2042.034180 12 12
454754.327655 6780844.440568 -2037.983398 13 12
454804.327655 6780844.440568 -2027.971436 14 12
454854.327655 6780844.440568 -2020.954102 15 12
454904.327655 6780844.440568 -2013.872070 16 12
454954.327655 6780844.440568 -2005.580200 17 12
455004.327655 6780844.440568 -1994.581299 18 12
455054.327655 6780844.440568 -1989.609131 19 12
455104.327655 6780844.440568 -1985.124023 20 12
455154.327655 6780844.440568 -1973.600098 21 12
455204.327655 6780844.440568 -1969.485840 22 12
455254.327655 6780844.440568 -1970.602417 23 12
455304.327655 6780844.440568 -1962.386963 24 12
455354.327655 6780844.440568 -1961.972046 25 12
455404.327655 6780844.440568 -1955.906982 26 12
455454.327655 6780844.440568 -1959.247314 27 12
455504.327655 6780844.440568 -1937.609619 28 12
455554.327655 6780844.440568 -1934.477417 29 12
455604.327655 6780844.440568 -1919.787964 30 12
455654.327655 6780844.440568 -1904.880371 31 12
455704.327655 6780844.440568 -1893.352295 32 12
455754.327655 6780844.440568 -1890.092773 33 12
455804.327655 6780844.440568 -1890.832397 34 12
455854.327655 6780844.440568 -1892.655884 35 12
455904.327655 6780844.440568 -1880.010376 36 12
455954.327655 6780844.440568 -1874.145386 37 12
456004.327655 6780844.440568 -1866.043945 38 12
456054.327655 6780844.440568 -1862.060181 39 12
456354.327655 6780844.440568 -1865.811890 45 12
456404.327655 6780844.440568 -1871.781616 46 12
456454.327655 6780844.440568 -1870.899170 47 12
454604.327655 6780894.440568 -2077.041504 10 13
454654.327655 6780894.440568 -2062.556152 11 13
454704.327655 6780894.440568 -2051.216064 12 13
454754.327655 6780894.440568 -2045.924561 13 13
454804.327655 6780894.440568 -2028.520752 14 13
454854.327655 6780894.440568 -2022.819214 15 13
454904.327655 6780894.440568 -2018.383911 16 13
454954.327655 6780894.440568 -2010.005737 17 13
455004.327655 6780894.440568 -1998.840942 18 13
455054.327655 6780894.440568 -1992.813843 19 13
455104.327655 6780894.440568 -1988.465698 20 13
455154.327655 6780894.440568 -1980.498657 21 13
455204.327655 6780894.440568 -1977.056274 22 13
455254.327655 6780894.440568 -1972.935425 23 13
455304.327655 6780894.440568 -1967.822388 24 13
455354.327655 6780894.440568 -1962.548096 25 13
455404.327655 6780894.440568 -1953.942139 26 13
455454.327655 6780894.440568 -1949.533325 27 13
455504.327655 6780894.440568 -1937.850342 28 13
455554.327655 6780894.440568 -1929.270508 29 13
455604.327655 6780894.440568 -1921.207153 30 13
455654.327655 6780894.440568 -1919.542847 31 13
455704.327655 6780894.440568 -1901.513306 32 13
455754.327655 6780894.440568 -1902.041382 33 13
455804.327655 6780894.440568 -1901.486084 34 13
455854.327655 6780894.440568 -1894.383057 35 13
455904.327655 6780894.440568 -1866.169922 36 13
455954.327655 6780894.440568 -1875.864014 37 13
456004.327655 6780894.440568 -1866.093506 38 13
456054.327655 6780894.440568 -1862.156006 39 13
456304.327655 6780894.440568 -1870.241211 44 13
456354.327655 6780894.440568 -1868.234253 45 13
456404.327655 6780894.440568 -1863.745117 46 13
456454.327655 6780894.440568 -1862.640747 47 13
454704.327655 6780944.440568 -2057.016357 12 14
454754.327655 6780944.440568 -2049.419189 13 14
454804.327655 6780944.440568 -2029.381348 14 14
454854.327655 6780944.440568 -2023.333130 15 14
454904.327655 6780944.440568 -2020.612915 16 14
454954.327655 6780944.440568 -2012.416748 17 14
455004.327655 6780944.440568 -1998.716064 18 14
455054.327655 6780944.440568 -1994.877930 19 14
455104.327655 6780944.440568 -1986.547607 20 14
455154.327655 6780944.440568 -1982.400146 21 14
455204.327655 6780944.440568 -1978.086914 22 14
455254.327655 6780944.440568 -1975.808472 23 14
455304.327655 6780944.440568 -1971.337280 24 14
455354.327655 6780944.440568 -1964.109619 25 14
455404.327655 6780944.440568 -1960.130371 26 14
455454.327655 6780944.440568 -1950.891113 27 14
455504.327655 6780944.440568 -1946.142822 28 14
455554.327655 6780944.440568 -1933.695557 29 14
455604.327655 6780944.440568 -1928.351685 30 14
455654.327655 6780944.440568 -1934.899170 31 14
455704.327655 6780944.440568 -1929.473755 32 14
455754.327655 6780944.440568 -1912.155518 33 14
455804.327655 6780944.440568 -1904.159912 34 14
455854.327655 6780944.440568 -1897.642700 35 14
455904.327655 6780944.440568 -1879.668457 36 14
455954.327655 6780944.440568 -1873.874268 37 14
456004.327655 6780944.440568 -1867.674805 38 14
456054.327655 6780944.440568 -1862.435181 39 14
456254.327655 6780944.440568 -1862.682251 43 14
456304.327655 6780944.440568 -1871.788574 44 14
456354.327655 6780944.440568 -1866.318481 45 14
456404.327655 6780944.440568 -1852.252808 46 14
456454.327655 6780944.440568 -1855.865967 47 14
454954.327655 6780994.440568 -2014.395996 17 15
455004.327655 6780994.440568 -2000.463989 18 15
455054.327655 6780994.440568 -1997.250366 19 15
455104.327655 6780994.440568 -1986.529419 20 15
455154.327655 6780994.440568 -1984.831543 21 15
455204.327655 6780994.440568 -1977.473511 22 15
455254.327655 6780994.440568 -1974.992188 23 15
455304.327655 6780994.440568 -1970.861572 24 15
455354.327655 6780994.440568 -1964.745605 25 15
455404.327655 6780994.440568 -1967.313599 26 15
455454.327655 6780994.440568 -1962.118286 27 15
455504.327655 6780994.440568 -1957.254883 28 15
455554.327655 6780994.440568 -1946.955933 29 15
455604.327655 6780994.440568 -1939.649170 30 15
455654.327655 6780994.440568 -1938.863647 31 15
455704.327655 6780994.440568 -1923.050171 32 15
455754.327655 6780994.440568 -1911.465088 33 15
455804.327655 6780994.440568 -1900.671387 34 15
455854.327655 6780994.440568 -1895.881104 35 15
455904.327655 6780994.440568 -1886.963379 36 15
455954.327655 6780994.440568 -1876.794678 37 15
456004.327655 6780994.440568 -1868.415527 38 15
456054.327655 6780994.440568 -1861.261719 39 15
456104.327655 6780994.440568 -1855.433838 40 15
456204.327655 6780994.440568 -1846.895508 42 15
456254.327655 6780994.440568 -1850.387329 43 15
456304.327655 6780994.440568 -1858.204468 44 15
456354.327655 6780994.440568 -1858.655029 45 15
456404.327655 6780994.440568 -1856.529297 46 15
456454.327655 6780994.440568 -1857.959717 47 15
455054.327655 6781044.440568 -1993.634521 19 16
455104.327655 6781044.440568 -1986.040039 20 16
455154.327655 6781044.440568 -1982.997803 21 16
455204.327655 6781044.440568 -1979.245605 22 16
455254.327655 6781044.440568 -1976.654297 23 16
455304.327655 6781044.440568 -1974.842285 24 16
455354.327655 6781044.440568 -1974.481445 25 16
455404.327655 6781044.440568 -1975.693359 26 16
455454.327655 6781044.440568 -1968.342163 27 16
455504.327655 6781044.440568 -1964.238892 28 16
455554.327655 6781044.440568 -1955.490601 29 16
455604.327655 6781044.440568 -1948.708008 30 16
455654.327655 6781044.440568 -1940.267456 31 16
455704.327655 6781044.440568 -1925.562988 32 16
455754.327655 6781044.440568 -1914.258423 33 16
455804.327655 6781044.440568 -1906.170898 34 16
455854.327655 6781044.440568 -1899.780518 35 16
455904.327655 6781044.440568 -1890.730469 36 16
455954.327655 6781044.440568 -1879.306885 37 16
456004.327655 6781044.440568 -1868.250732 38 16
456054.327655 6781044.440568 -1858.228027 39 16
456104.327655 6781044.440568 -1849.253906 40 16
456154.327655 6781044.440568 -1841.539673 41 16
456204.327655 6781044.440568 -1833.523438 42 16
456254.327655 6781044.440568 -1835.026733 43 16
456304.327655 6781044.440568 -1845.893921 44 16
456354.327655 6781044.440568 -1850.952026 45 16
456404.327655 6781044.440568 -1857.329468 46 16
456454.327655 6781044.440568 -1858.402832 47 16
455104.327655 6781094.440568 -1984.519287 20 17
455154.327655 6781094.440568 -1983.104248 21 17
455204.327655 6781094.440568 -1981.794189 22 17
455254.327655 6781094.440568 -1980.772705 23 17
455304.327655 6781094.440568 -1980.719238 24 17
455354.327655 6781094.440568 -1982.002930 25 17
455404.327655 6781094.440568 -1983.106934 26 17
455454.327655 6781094.440568 -1979.522705 27 17
455504.327655 6781094.440568 -1968.520996 28 17
455554.327655 6781094.440568 -1967.572266 29 17
455604.327655 6781094.440568 -1949.681396 30 17
455654.327655 6781094.440568 -1938.186279 31 17
455704.327655 6781094.440568 -1930.569092 32 17
455754.327655 6781094.440568 -1918.766846 33 17
455804.327655 6781094.440568 -1919.258179 34 17
455854.327655 6781094.440568 -1906.987061 35 17
455904.327655 6781094.440568 -1893.485840 36 17
455954.327655 6781094.440568 -1879.681152 37 17
456004.327655 6781094.440568 -1866.458252 38 17
456054.327655 6781094.440568 -1854.344971 39 17
456104.327655 6781094.440568 -1843.432129 40 17
456154.327655 6781094.440568 -1832.880737 41 17
456204.327655 6781094.440568 -1821.105347 42 17
456254.327655 6781094.440568 -1822.135620 43 17
456304.327655 6781094.440568 -1843.157715 44 17
456354.327655 6781094.440568 -1851.798340 45 17
456404.327655 6781094.440568 -1855.768311 46 17
456454.327655 6781094.440568 -1857.354614 47 17
455154.327655 6781144.440568 -1984.219971 21 18
455204.327655 6781144.440568 -1985.753662 22 18
455254.327655 6781144.440568 -1986.276855 23 18
455304.327655 6781144.440568 -1986.479736 24 18
455354.327655 6781144.440568 -1986.253662 25 18
455404.327655 6781144.440568 -1986.735107 26 18
455454.327655 6781144.440568 -1989.866089 27 18
455504.327655 6781144.440568 -1977.397217 28 18
455554.327655 6781144.440568 -1969.919189 29 18
455604.327655 6781144.440568 -1950.720459 30 18
455654.327655 6781144.440568 -1939.228638 31 18
455704.327655 6781144.440568 -1928.227417 32 18
455754.327655 6781144.440568 -1922.835815 33 18
455804.327655 6781144.440568 -1919.122192 34 18
455854.327655 6781144.440568 -1910.520020 35 18
455904.327655 6781144.440568 -1895.288818 36 18
455954.327655 6781144.440568 -1878.278809 37 18
456004.327655 6781144.440568 -1862.964600 38 18
456054.327655 6781144.440568 -1850.450439 39 18
456104.327655 6781144.440568 -1840.089355 40 18
456154.327655 6781144.440568 -1829.407104 41 18
456204.327655 6781144.440568 -1819.447754 42 18
456254.327655 6781144.440568 -1822.253174 43 18
456304.327655 6781144.440568 -1844.695923 44 18
456354.327655 6781144.440568 -1852.639404 45 18
456404.327655 6781144.440568 -1852.155151 46 18
456454.327655 6781144.440568 -1853.122070 47 18
455204.327655 6781194.440568 -1991.268799 22 19
455254.327655 6781194.440568 -1992.408936 23 19
455304.327655 6781194.440568 -1991.992920 24 19
455354.327655 6781194.440568 -1989.172607 25 19
455404.327655 6781194.440568 -1981.978882 26 19
455454.327655 6781194.440568 -1971.685303 27 19
455504.327655 6781194.440568 -1970.518677 28 19
455554.327655 6781194.440568 -1965.415527 29 19
455604.327655 6781194.440568 -1953.135132 30 19
455654.327655 6781194.440568 -1941.427490 31 19
455704.327655 6781194.440568 -1931.309814 32 19
455754.327655 6781194.440568 -1925.772461 33 19
455804.327655 6781194.440568 -1924.578125 34 19
455854.327655 6781194.440568 -1913.985474 35 19
455904.327655 6781194.440568 -1896.265625 36 19
455954.327655 6781194.440568 -1875.783936 37 19
456004.327655 6781194.440568 -1858.154053 38 19
456054.327655 6781194.440568 -1848.300293 39 19
456104.327655 6781194.440568 -1842.087891 40 19
456154.327655 6781194.440568 -1834.601318 41 19
456204.327655 6781194.440568 -1829.916504 42 19
456254.327655 6781194.440568 -1833.210815 43 19
456304.327655 6781194.440568 -1846.119995 44 19
456354.327655 6781194.440568 -1851.570068 45 19
456404.327655 6781194.440568 -1856.684326 46 19
456454.327655 6781194.440568 -1856.689453 47 19
455254.327655 6781244.440568 -1999.208496 23 20
455304.327655 6781244.440568 -1995.884033 24 20
455354.327655 6781244.440568 -1991.892090 25 20
455404.327655 6781244.440568 -1984.430542 26 20
455454.327655 6781244.440568 -1974.822876 27 20
455504.327655 6781244.440568 -1970.794312 28 20
455554.327655 6781244.440568 -1965.584229 29 20
455604.327655 6781244.440568 -1955.968506 30 20
455654.327655 6781244.440568 -1944.618042 31 20
455704.327655 6781244.440568 -1931.585571 32 20
455754.327655 6781244.440568 -1925.452881 33 20
455804.327655 6781244.440568 -1924.768555 34 20
455854.327655 6781244.440568 -1914.400879 35 20
455904.327655 6781244.440568 -1897.909058 36 20
455954.327655 6781244.440568 -1875.253174 37 20
456004.327655 6781244.440568 -1854.144897 38 20
456054.327655 6781244.440568 -1851.467407 39 20
456104.327655 6781244.440568 -1848.724609 40 20
456154.327655 6781244.440568 -1840.198486 41 20
456204.327655 6781244.440568 -1829.186401 42 20
456254.327655 6781244.440568 -1830.951782 43 20
456304.327655 6781244.440568 -1849.187988 44 20
456354.327655 6781244.440568 -1851.004395 45 20
456404.327655 6781244.440568 -1853.340576 46 20
456454.327655 6781244.440568 -1852.580200 47 20
455304.327655 6781294.440568 -1997.895142 24 21
455354.327655 6781294.440568 -1992.302490 25 21
455404.327655 6781294.440568 -1983.425415 26 21
455454.327655 6781294.440568 -1975.940918 27 21
455504.327655 6781294.440568 -1971.287109 28 21
455554.327655 6781294.440568 -1966.503296 29 21
455604.327655 6781294.440568 -1960.380615 30 21
455654.327655 6781294.440568 -1953.644531 31 21
455704.327655 6781294.440568 -1947.883057 32 21
455754.327655 6781294.440568 -1937.588501 33 21
455804.327655 6781294.440568 -1923.772949 34 21
455854.327655 6781294.440568 -1912.424805 35 21
455904.327655 6781294.440568 -1900.479126 36 21
455954.327655 6781294.440568 -1880.436401 37 21
456004.327655 6781294.440568 -1862.146240 38 21
456054.327655 6781294.440568 -1863.244019 39 21
456104.327655 6781294.440568 -1860.949585 40 21
456154.327655 6781294.440568 -1850.900635 41 21
456204.327655 6781294.440568 -1835.768066 42 21
456254.327655 6781294.440568 -1834.988892 43 21
456304.327655 6781294.440568 -1855.776855 44 21
456354.327655 6781294.440568 -1853.012817 45 21
456404.327655 6781294.440568 -1847.207031 46 21
456454.327655 6781294.440568 -1846.533691 47 21
455354.327655 6781344.440568 -1984.168579 25 22
455404.327655 6781344.440568 -1975.637695 26 22
455454.327655 6781344.440568 -1968.782593 27 22
455504.327655 6781344.440568 -1964.298462 28 22
455554.327655 6781344.440568 -1960.977417 29 22
455604.327655 6781344.440568 -1957.943237 30 22
455654.327655 6781344.440568 -1955.154175 31 22
455704.327655 6781344.440568 -1950.644409 32 22
455754.327655 6781344.440568 -1938.020020 33 22
455804.327655 6781344.440568 -1929.373413 34 22
455854.327655 6781344.440568 -1917.153687 35 22
455904.327655 6781344.440568 -1901.666626 36 22
455954.327655 6781344.440568 -1884.629395 37 22
456004.327655 6781344.440568 -1868.369019 38 22
456054.327655 6781344.440568 -1870.764526 39 22
456104.327655 6781344.440568 -1865.855713 40 22
456154.327655 6781344.440568 -1854.146484 41 22
456204.327655 6781344.440568 -1837.559692 42 22
456254.327655 6781344.440568 -1835.181152 43 22
456304.327655 6781344.440568 -1856.783325 44 22
456354.327655 6781344.440568 -1849.370728 45 22
456404.327655 6781344.440568 -1834.876221 46 22
456454.327655 6781344.440568 -1833.440552 47 22
455404.327655 6781394.440568 -1959.993530 26 23
455454.327655 6781394.440568 -1952.303833 27 23
455504.327655 6781394.440568 -1947.590210 28 23
455554.327655 6781394.440568 -1945.857788 29 23
455604.327655 6781394.440568 -1945.782593 30 23
455654.327655 6781394.440568 -1947.294556 31 23
455704.327655 6781394.440568 -1943.160156 32 23
455754.327655 6781394.440568 -1936.270996 33 23
455804.327655 6781394.440568 -1929.348389 34 23
455854.327655 6781394.440568 -1920.002197 35 23
455904.327655 6781394.440568 -1908.863403 36 23
455954.327655 6781394.440568 -1891.918335 37 23
456004.327655 6781394.440568 -1871.372192 38 23
456054.327655 6781394.440568 -1867.832031 39 23
456104.327655 6781394.440568 -1863.295776 40 23
456154.327655 6781394.440568 -1852.228394 41 23
456204.327655 6781394.440568 -1836.011963 42 23
456254.327655 6781394.440568 -1836.558716 43 23
456304.327655 6781394.440568 -1865.116577 44 23
456354.327655 6781394.440568 -1853.580688 45 23
456404.327655 6781394.440568 -1831.859009 46 23
456454.327655 6781394.440568 -1831.281738 47 23
455454.327655 6781444.440568 -1927.694214 27 24
455504.327655 6781444.440568 -1921.802124 28 24
455554.327655 6781444.440568 -1921.684570 29 24
455604.327655 6781444.440568 -1924.954712 30 24
455654.327655 6781444.440568 -1927.587891 31 24
455704.327655 6781444.440568 -1929.294678 32 24
455754.327655 6781444.440568 -1929.479492 33 24
455804.327655 6781444.440568 -1926.737793 34 24
455854.327655 6781444.440568 -1919.723877 35 24
455904.327655 6781444.440568 -1907.059326 36 24
455954.327655 6781444.440568 -1889.499878 37 24
456004.327655 6781444.440568 -1877.569336 38 24
456054.327655 6781444.440568 -1869.980713 39 24
456104.327655 6781444.440568 -1851.677612 40 24
456154.327655 6781444.440568 -1841.416260 41 24
456204.327655 6781444.440568 -1837.588379 42 24
456254.327655 6781444.440568 -1839.395020 43 24
456304.327655 6781444.440568 -1855.962769 44 24
456354.327655 6781444.440568 -1844.856934 45 24
456404.327655 6781444.440568 -1832.762207 46 24
456454.327655 6781444.440568 -1831.499268 47 24
456504.327655 6781444.440568 -1829.585449 48 24
455454.327655 6781494.440568 -1899.067383 27 25
455504.327655 6781494.440568 -1890.677124 28 25
455554.327655 6781494.440568 -1891.790894 29 25
455604.327655 6781494.440568 -1896.035034 30 25
455654.327655 6781494.440568 -1903.558350 31 25
455704.327655 6781494.440568 -1913.112793 32 25
455754.327655 6781494.440568 -1919.949219 33 25
455804.327655 6781494.440568 -1921.661133 34 25
455854.327655 6781494.440568 -1917.778809 35 25
455904.327655 6781494.440568 -1908.340576 36 25
455954.327655 6781494.440568 -1894.380127 37 25
456004.327655 6781494.440568 -1877.961304 38 25
456054.327655 6781494.440568 -1867.984863 39 25
456104.327655 6781494.440568 -1860.025024 40 25
456154.327655 6781494.440568 -1851.051758 41 25
456204.327655 6781494.440568 -1842.595093 42 25
456254.327655 6781494.440568 -1841.764038 43 25
456304.327655 6781494.440568 -1850.426025 44 25
456354.327655 6781494.440568 -1842.361938 45 25
456404.327655 6781494.440568 -1833.607544 46 25
456454.327655 6781494.440568 -1831.462036 47 25
456504.327655 6781494.440568 -1829.677612 48 25
455504.327655 6781544.440568 -1862.649780 28 26
455554.327655 6781544.440568 -1867.298828 29 26
455604.327655 6781544.440568 -1865.688354 30 26
455654.327655 6781544.440568 -1883.123047 31 26
455704.327655 6781544.440568 -1899.484619 32 26
455754.327655 6781544.440568 -1909.853516 33 26
455804.327655 6781544.440568 -1914.246826 34 26
455854.327655 6781544.440568 -1913.570313 35 26
455904.327655 6781544.440568 -1908.464600 36 26
455954.327655 6781544.440568 -1898.420898 37 26
456004.327655 6781544.440568 -1876.965210 38 26
456054.327655 6781544.440568 -1866.316162 39 26
456104.327655 6781544.440568 -1859.017822 40 26
456154.327655 6781544.440568 -1850.108521 41 26
456204.327655 6781544.440568 -1842.162964 42 26
456254.327655 6781544.440568 -1839.488037 43 26
456304.327655 6781544.440568 -1848.527100 44 26
456354.327655 6781544.440568 -1840.473267 45 26
456404.327655 6781544.440568 -1831.465332 46 26
456454.327655 6781544.440568 -1831.070679 47 26
456504.327655 6781544.440568 -1826.049438 48 26
455604.327655 6781594.440568 -1858.400391 30 27
455654.327655 6781594.440568 -1877.626709 31 27
455704.327655 6781594.440568 -1890.882813 32 27
455754.327655 6781594.440568 -1899.356689 33 27
455804.327655 6781594.440568 -1904.143799 34 27
455854.327655 6781594.440568 -1905.567627 35 27
455904.327655 6781594.440568 -1902.139771 36 27
455954.327655 6781594.440568 -1891.912842 37 27
456004.327655 6781594.440568 -1876.585571 38 27
456054.327655 6781594.440568 -1864.942139 39 27
456104.327655 6781594.440568 -1854.653442 40 27
456154.327655 6781594.440568 -1845.442871 41 27
456204.327655 6781594.440568 -1841.534180 42 27
456254.327655 6781594.440568 -1841.048706 43 27
456304.327655 6781594.440568 -1846.586304 44 27
456354.327655 6781594.440568 -1837.471558 45 27
456404.327655 6781594.440568 -1827.240479 46 27
456454.327655 6781594.440568 -1828.637451 47 27
456504.327655 6781594.440568 -1827.354736 48 27
455654.327655 6781644.440568 -1883.196411 31 28
455704.327655 6781644.440568 -1884.790771 32 28
455754.327655 6781644.440568 -1887.819580 33 28
455804.327655 6781644.440568 -1891.273926 34 28
455854.327655 6781644.440568 -1893.407227 35 28
455904.327655 6781644.440568 -1890.077881 36 28
455954.327655 6781644.440568 -1886.157593 37 28
456004.327655 6781644.440568 -1879.402832 38 28
456054.327655 6781644.440568 -1866.974487 39 28
456104.327655 6781644.440568 -1848.670654 40 28
456154.327655 6781644.440568 -1837.948730 41 28
456204.327655 6781644.440568 -1841.913452 42 28
456254.327655 6781644.440568 -1845.231445 43 28
456304.327655 6781644.440568 -1852.588135 44 28
456354.327655 6781644.440568 -1842.328979 45 28
456404.327655 6781644.440568 -1829.347168 46 28
456454.327655 6781644.440568 -1827.386597 47 28
456504.327655 6781644.440568 -1826.290771 48 28
455754.327655 6781694.440568 -1875.398560 33 29
455804.327655 6781694.440568 -1877.466919 34 29
455854.327655 6781694.440568 -1877.135498 35 29
455904.327655 6781694.440568 -1878.110596 36 29
455954.327655 6781694.440568 -1878.692871 37 29
456004.327655 6781694.440568 -1877.041016 38 29
456054.327655 6781694.440568 -1867.073120 39 29
456104.327655 6781694.440568 -1849.424927 40 29
456154.327655 6781694.440568 -1840.577881 41 29
456204.327655 6781694.440568 -1842.909790 42 29
456254.327655 6781694.440568 -1847.469971 43 29
456304.327655 6781694.440568 -1859.666382 44 29
456354.327655 6781694.440568 -1849.143921 45 29
456404.327655 6781694.440568 -1837.813965 46 29
456454.327655 6781694.440568 -1832.582153 47 29
456504.327655 6781694.440568 -1824.733521 48 29
455804.327655 6781744.440568 -1866.959106 34 30
455854.327655 6781744.440568 -1865.452271 35 30
455904.327655 6781744.440568 -1868.428345 36 30
455954.327655 6781744.440568 -1871.729614 37 30
456004.327655 6781744.440568 -1870.895020 38 30
456054.327655 6781744.440568 -1865.351074 39 30
456104.327655 6781744.440568 -1857.005249 40 30
456154.327655 6781744.440568 -1851.520386 41 30
456204.327655 6781744.440568 -1846.276123 42 30
456254.327655 6781744.440568 -1850.456299 43 30
456304.327655 6781744.440568 -1866.572510 44 30
456354.327655 6781744.440568 -1855.962036 45 30
456404.327655 6781744.440568 -1840.925171 46 30
456454.327655 6781744.440568 -1833.753784 47 30
456504.327655 6781744.440568 -1827.456177 48 30
455904.327655 6781794.440568 -1867.450684 36 31
455954.327655 6781794.440568 -1870.041382 37 31
456004.327655 6781794.440568 -1868.629883 38 31
456054.327655 6781794.440568 -1864.438232 39 31
456104.327655 6781794.440568 -1859.792114 40 31
456154.327655 6781794.440568 -1856.088623 41 31
456204.327655 6781794.440568 -1848.664795 42 31
456254.327655 6781794.440568 -1851.765259 43 31
456304.327655 6781794.440568 -1869.316284 44 31
456354.327655 6781794.440568 -1857.602295 45 31
456404.327655 6781794.440568 -1842.336670 46 31
456454.327655 6781794.440568 -1836.088623 47 31
456504.327655 6781794.440568 -1833.815186 48 31
456254.327655 6781844.440568 -1849.748047 43 32
456304.327655 6781844.440568 -1872.294556 44 32
456354.327655 6781844.440568 -1861.011475 45 32
456404.327655 6781844.440568 -1843.917358 46 32
456454.327655 6781844.440568 -1837.647949 47 32
456504.327655 6781844.440568 -1837.937866 48 32
456354.327655 6781894.440568 -1865.303711 45 33
456404.327655 6781894.440568 -1848.134521 46 33
456454.327655 6781894.440568 -1840.801392 47 33
456504.327655 6781894.440568 -1838.812378 48 33
456454.327655 6781944.440568 -1841.195190 47 34
456504.327655 6781944.440568 -1831.022705 48 34
