# Type: scattered data
# Version: 6
# Description: No description
# Format: free
# Field: 1 x
# Field: 2 y
# Field: 3 z milliseconds
# Field: 4 column
# Field: 5 row
# Projection: Local Rectangular
# Units: meters
# End:
# Information from grid:
# Grid_size: 31 x 53
# Grid_space: 454396.320331,455896.320331,6780656.482193,6783256.482193
# Scattered data: Not_available
# Z_field: z
# Vertical_faults: Not_available
# History: No history
# Z_units: milliseconds
455646.320331 6780656.482193 -1856.369629 26 1
455696.320331 6780656.482193 -1862.451538 27 1
455746.320331 6780656.482193 -1866.180298 28 1
455796.320331 6780656.482193 -1870.603027 29 1
455446.320331 6780706.482193 -1866.393066 22 2
455496.320331 6780706.482193 -1856.174927 23 2
455546.320331 6780706.482193 -1849.505249 24 2
455596.320331 6780706.482193 -1852.290283 25 2
455646.320331 6780706.482193 -1854.164063 26 2
455696.320331 6780706.482193 -1861.034546 27 2
455746.320331 6780706.482193 -1856.698486 28 2
455796.320331 6780706.482193 -1855.544312 29 2
454496.320331 6780756.482193 -1954.872681 3 3
454546.320331 6780756.482193 -1943.017944 4 3
454596.320331 6780756.482193 -1934.952515 5 3
454646.320331 6780756.482193 -1928.108032 6 3
454696.320331 6780756.482193 -1919.261475 7 3
454746.320331 6780756.482193 -1915.794067 8 3
454796.320331 6780756.482193 -1908.227539 9 3
454846.320331 6780756.482193 -1902.787476 10 3
454896.320331 6780756.482193 -1900.788330 11 3
454946.320331 6780756.482193 -1902.629028 12 3
454996.320331 6780756.482193 -1906.808228 13 3
455046.320331 6780756.482193 -1922.638184 14 3
455096.320331 6780756.482193 -1918.634277 15 3
455146.320331 6780756.482193 -1906.619629 16 3
455196.320331 6780756.482193 -1895.155640 17 3
455246.320331 6780756.482193 -1888.067017 18 3
455296.320331 6780756.482193 -1889.775269 19 3
455346.320331 6780756.482193 -1888.726685 20 3
455396.320331 6780756.482193 -1885.590820 21 3
455446.320331 6780756.482193 -1869.232788 22 3
455496.320331 6780756.482193 -1857.172729 23 3
455546.320331 6780756.482193 -1845.640015 24 3
455596.320331 6780756.482193 -1850.718506 25 3
455646.320331 6780756.482193 -1849.901245 26 3
455696.320331 6780756.482193 -1863.106812 27 3
455746.320331 6780756.482193 -1846.339844 28 3
455796.320331 6780756.482193 -1830.557495 29 3
455846.320331 6780756.482193 -1854.406372 30 3
454396.320331 6780806.482193 -1972.544556 1 4
454446.320331 6780806.482193 -1968.434570 2 4
454496.320331 6780806.482193 -1953.082520 3 4
454546.320331 6780806.482193 -1939.921875 4 4
454596.320331 6780806.482193 -1933.815918 5 4
454646.320331 6780806.482193 -1928.318481 6 4
454696.320331 6780806.482193 -1911.803711 7 4
454746.320331 6780806.482193 -1910.877319 8 4
454796.320331 6780806.482193 -1905.134155 9 4
454846.320331 6780806.482193 -1899.284302 10 4
454896.320331 6780806.482193 -1895.619751 11 4
454946.320331 6780806.482193 -1895.753906 12 4
454996.320331 6780806.482193 -1890.718628 13 4
455046.320331 6780806.482193 -1914.123169 14 4
455096.320331 6780806.482193 -1905.720459 15 4
455146.320331 6780806.482193 -1895.326050 16 4
455196.320331 6780806.482193 -1896.019165 17 4
455246.320331 6780806.482193 -1896.105347 18 4
455296.320331 6780806.482193 -1890.708862 19 4
455346.320331 6780806.482193 -1888.643555 20 4
455396.320331 6780806.482193 -1888.823975 21 4
455446.320331 6780806.482193 -1874.098022 22 4
455496.320331 6780806.482193 -1863.305298 23 4
455546.320331 6780806.482193 -1851.440674 24 4
455596.320331 6780806.482193 -1851.107544 25 4
455646.320331 6780806.482193 -1846.281250 26 4
455696.320331 6780806.482193 -1847.971802 27 4
455746.320331 6780806.482193 -1827.787109 28 4
455796.320331 6780806.482193 -1817.151367 29 4
455846.320331 6780806.482193 -1840.382202 30 4
454396.320331 6780856.482193 -1968.951172 1 5
454446.320331 6780856.482193 -1963.588745 2 5
454496.320331 6780856.482193 -1949.968140 3 5
454546.320331 6780856.482193 -1938.540527 4 5
454596.320331 6780856.482193 -1932.525146 5 5
454646.320331 6780856.482193 -1926.131348 6 5
454696.320331 6780856.482193 -1912.720215 7 5
454746.320331 6780856.482193 -1906.379028 8 5
454796.320331 6780856.482193 -1902.811035 9 5
454846.320331 6780856.482193 -1899.019409 10 5
454896.320331 6780856.482193 -1894.238647 11 5
454946.320331 6780856.482193 -1891.600220 12 5
454996.320331 6780856.482193 -1882.603638 13 5
455046.320331 6780856.482193 -1905.823364 14 5
455096.320331 6780856.482193 -1905.438843 15 5
455146.320331 6780856.482193 -1895.845215 16 5
455196.320331 6780856.482193 -1887.850586 17 5
455246.320331 6780856.482193 -1892.503662 18 5
455296.320331 6780856.482193 -1890.000244 19 5
455346.320331 6780856.482193 -1888.380371 20 5
455396.320331 6780856.482193 -1886.832031 21 5
455446.320331 6780856.482193 -1881.635010 22 5
455496.320331 6780856.482193 -1872.856934 23 5
455546.320331 6780856.482193 -1863.430176 24 5
455596.320331 6780856.482193 -1855.401245 25 5
455646.320331 6780856.482193 -1852.373657 26 5
455696.320331 6780856.482193 -1843.081421 27 5
455746.320331 6780856.482193 -1838.921143 28 5
455796.320331 6780856.482193 -1846.333740 29 5
455846.320331 6780856.482193 -1861.934082 30 5
454396.320331 6780906.482193 -1966.595825 1 6
454446.320331 6780906.482193 -1950.200806 2 6
454496.320331 6780906.482193 -1944.659790 3 6
454546.320331 6780906.482193 -1939.910522 4 6
454596.320331 6780906.482193 -1927.828735 5 6
454646.320331 6780906.482193 -1919.275146 6 6
454696.320331 6780906.482193 -1923.335449 7 6
454746.320331 6780906.482193 -1907.306641 8 6
454796.320331 6780906.482193 -1900.254761 9 6
454846.320331 6780906.482193 -1904.079712 10 6
454896.320331 6780906.482193 -1897.001221 11 6
454946.320331 6780906.482193 -1892.089600 12 6
454996.320331 6780906.482193 -1888.229492 13 6
455046.320331 6780906.482193 -1900.628418 14 6
455096.320331 6780906.482193 -1895.801514 15 6
455146.320331 6780906.482193 -1900.404907 16 6
455196.320331 6780906.482193 -1894.294067 17 6
455246.320331 6780906.482193 -1897.314575 18 6
455296.320331 6780906.482193 -1894.958984 19 6
455346.320331 6780906.482193 -1898.575806 20 6
455396.320331 6780906.482193 -1895.117188 21 6
455446.320331 6780906.482193 -1893.492188 22 6
455496.320331 6780906.482193 -1881.760010 23 6
455546.320331 6780906.482193 -1875.851440 24 6
455596.320331 6780906.482193 -1858.599243 25 6
455646.320331 6780906.482193 -1855.035767 26 6
455696.320331 6780906.482193 -1843.209229 27 6
455746.320331 6780906.482193 -1842.389771 28 6
455796.320331 6780906.482193 -1849.802490 29 6
455846.320331 6780906.482193 -1863.003540 30 6
454446.320331 6780956.482193 -1943.923218 2 7
454496.320331 6780956.482193 -1943.553833 3 7
454546.320331 6780956.482193 -1933.819092 4 7
454596.320331 6780956.482193 -1924.285645 5 7
454646.320331 6780956.482193 -1917.325073 6 7
454696.320331 6780956.482193 -1914.055298 7 7
454746.320331 6780956.482193 -1906.019775 8 7
454796.320331 6780956.482193 -1900.606201 9 7
454846.320331 6780956.482193 -1897.191895 10 7
454896.320331 6780956.482193 -1898.725464 11 7
454946.320331 6780956.482193 -1893.172119 12 7
454996.320331 6780956.482193 -1886.382813 13 7
455046.320331 6780956.482193 -1884.094849 14 7
455096.320331 6780956.482193 -1876.541260 15 7
455146.320331 6780956.482193 -1889.242310 16 7
455196.320331 6780956.482193 -1915.302734 17 7
455246.320331 6780956.482193 -1897.070557 18 7
455296.320331 6780956.482193 -1892.919067 19 7
455346.320331 6780956.482193 -1896.404541 20 7
455396.320331 6780956.482193 -1897.192139 21 7
455446.320331 6780956.482193 -1893.427124 22 7
455496.320331 6780956.482193 -1891.060913 23 7
455546.320331 6780956.482193 -1885.482056 24 7
455596.320331 6780956.482193 -1864.825317 25 7
455646.320331 6780956.482193 -1859.873779 26 7
455696.320331 6780956.482193 -1850.170654 27 7
455746.320331 6780956.482193 -1843.557861 28 7
455796.320331 6780956.482193 -1850.643188 29 7
455846.320331 6780956.482193 -1858.017822 30 7
454596.320331 6781006.482193 -1929.257813 5 8
454646.320331 6781006.482193 -1928.246216 6 8
454696.320331 6781006.482193 -1925.799316 7 8
454746.320331 6781006.482193 -1898.295532 8 8
454796.320331 6781006.482193 -1896.525635 9 8
454846.320331 6781006.482193 -1893.240112 10 8
454896.320331 6781006.482193 -1890.870361 11 8
454946.320331 6781006.482193 -1886.441650 12 8
454996.320331 6781006.482193 -1884.694336 13 8
455046.320331 6781006.482193 -1884.182617 14 8
455096.320331 6781006.482193 -1877.818970 15 8
455146.320331 6781006.482193 -1888.603638 16 8
455196.320331 6781006.482193 -1898.739014 17 8
455246.320331 6781006.482193 -1894.455444 18 8
455296.320331 6781006.482193 -1887.603760 19 8
455346.320331 6781006.482193 -1883.290039 20 8
455396.320331 6781006.482193 -1872.288818 21 8
455446.320331 6781006.482193 -1870.382568 22 8
455496.320331 6781006.482193 -1868.352783 23 8
455546.320331 6781006.482193 -1861.341064 24 8
455596.320331 6781006.482193 -1857.941650 25 8
455646.320331 6781006.482193 -1858.068359 26 8
455696.320331 6781006.482193 -1854.831909 27 8
455746.320331 6781006.482193 -1849.100586 28 8
455796.320331 6781006.482193 -1842.420044 29 8
455846.320331 6781006.482193 -1838.981445 30 8
454746.320331 6781056.482193 -1893.003052 8 9
454796.320331 6781056.482193 -1891.484863 9 9
454846.320331 6781056.482193 -1892.760498 10 9
454896.320331 6781056.482193 -1891.388428 11 9
454946.320331 6781056.482193 -1889.944824 12 9
454996.320331 6781056.482193 -1884.563965 13 9
455046.320331 6781056.482193 -1886.352417 14 9
455096.320331 6781056.482193 -1886.922241 15 9
455146.320331 6781056.482193 -1891.731689 16 9
455196.320331 6781056.482193 -1893.093262 17 9
455246.320331 6781056.482193 -1892.718140 18 9
455296.320331 6781056.482193 -1885.120361 19 9
455346.320331 6781056.482193 -1877.881592 20 9
455396.320331 6781056.482193 -1873.826416 21 9
455446.320331 6781056.482193 -1870.505859 22 9
455496.320331 6781056.482193 -1863.330566 23 9
455546.320331 6781056.482193 -1850.458008 24 9
455596.320331 6781056.482193 -1854.173706 25 9
455646.320331 6781056.482193 -1860.401611 26 9
455696.320331 6781056.482193 -1853.755005 27 9
455746.320331 6781056.482193 -1846.747681 28 9
455796.320331 6781056.482193 -1841.988770 29 9
455846.320331 6781056.482193 -1838.436646 30 9
454796.320331 6781106.482193 -1889.780151 9 10
454846.320331 6781106.482193 -1889.961914 10 10
454896.320331 6781106.482193 -1892.439819 11 10
454946.320331 6781106.482193 -1889.404663 12 10
454996.320331 6781106.482193 -1882.307861 13 10
455046.320331 6781106.482193 -1879.454590 14 10
455096.320331 6781106.482193 -1878.491333 15 10
455146.320331 6781106.482193 -1884.930298 16 10
455196.320331 6781106.482193 -1881.548218 17 10
455246.320331 6781106.482193 -1877.676025 18 10
455296.320331 6781106.482193 -1873.905396 19 10
455346.320331 6781106.482193 -1872.774292 20 10
455396.320331 6781106.482193 -1871.459595 21 10
455446.320331 6781106.482193 -1863.265991 22 10
455496.320331 6781106.482193 -1852.625977 23 10
455546.320331 6781106.482193 -1845.260010 24 10
455596.320331 6781106.482193 -1844.253662 25 10
455646.320331 6781106.482193 -1845.166870 26 10
455696.320331 6781106.482193 -1841.766235 27 10
455746.320331 6781106.482193 -1840.587402 28 10
455796.320331 6781106.482193 -1842.855347 29 10
454796.320331 6781156.482193 -1891.957153 9 11
454846.320331 6781156.482193 -1893.191040 10 11
454896.320331 6781156.482193 -1894.107300 11 11
454946.320331 6781156.482193 -1888.445190 12 11
454996.320331 6781156.482193 -1888.585327 13 11
455046.320331 6781156.482193 -1880.110352 14 11
455096.320331 6781156.482193 -1873.905396 15 11
455146.320331 6781156.482193 -1881.391602 16 11
455196.320331 6781156.482193 -1876.152344 17 11
455246.320331 6781156.482193 -1871.903198 18 11
455296.320331 6781156.482193 -1870.216797 19 11
455346.320331 6781156.482193 -1872.251099 20 11
455396.320331 6781156.482193 -1868.102173 21 11
455446.320331 6781156.482193 -1857.705200 22 11
455496.320331 6781156.482193 -1847.920288 23 11
455546.320331 6781156.482193 -1841.667114 24 11
455596.320331 6781156.482193 -1845.495361 25 11
455646.320331 6781156.482193 -1833.944092 26 11
455696.320331 6781156.482193 -1837.312500 27 11
455746.320331 6781156.482193 -1840.650024 28 11
455796.320331 6781156.482193 -1841.136963 29 11
454846.320331 6781206.482193 -1894.162964 10 12
454896.320331 6781206.482193 -1895.551147 11 12
454946.320331 6781206.482193 -1893.793579 12 12
454996.320331 6781206.482193 -1890.365723 13 12
455046.320331 6781206.482193 -1884.495361 14 12
455096.320331 6781206.482193 -1874.317139 15 12
455146.320331 6781206.482193 -1877.922363 16 12
455196.320331 6781206.482193 -1881.603882 17 12
455246.320331 6781206.482193 -1868.529297 18 12
455296.320331 6781206.482193 -1866.609253 19 12
455346.320331 6781206.482193 -1865.376831 20 12
455396.320331 6781206.482193 -1859.420898 21 12
455446.320331 6781206.482193 -1853.722168 22 12
455496.320331 6781206.482193 -1846.960205 23 12
455546.320331 6781206.482193 -1843.478394 24 12
455596.320331 6781206.482193 -1839.759033 25 12
455646.320331 6781206.482193 -1832.980591 26 12
455696.320331 6781206.482193 -1832.900635 27 12
455746.320331 6781206.482193 -1837.284790 28 12
455796.320331 6781206.482193 -1840.097778 29 12
454896.320331 6781256.482193 -1899.035156 11 13
454946.320331 6781256.482193 -1899.617432 12 13
454996.320331 6781256.482193 -1893.407959 13 13
455046.320331 6781256.482193 -1882.777588 14 13
455096.320331 6781256.482193 -1875.753174 15 13
455146.320331 6781256.482193 -1872.968994 16 13
455196.320331 6781256.482193 -1872.333740 17 13
455246.320331 6781256.482193 -1865.869385 18 13
455296.320331 6781256.482193 -1863.252319 19 13
455346.320331 6781256.482193 -1869.881592 20 13
455396.320331 6781256.482193 -1853.777344 21 13
455446.320331 6781256.482193 -1850.727295 22 13
455496.320331 6781256.482193 -1847.993652 23 13
455546.320331 6781256.482193 -1848.709106 24 13
455596.320331 6781256.482193 -1847.481812 25 13
455646.320331 6781256.482193 -1848.587402 26 13
455696.320331 6781256.482193 -1843.985352 27 13
455746.320331 6781256.482193 -1844.131714 28 13
455796.320331 6781256.482193 -1848.342773 29 13
454896.320331 6781306.482193 -1896.884399 11 14
454946.320331 6781306.482193 -1896.670166 12 14
454996.320331 6781306.482193 -1888.152222 13 14
455046.320331 6781306.482193 -1877.373901 14 14
455096.320331 6781306.482193 -1866.881104 15 14
455146.320331 6781306.482193 -1872.330933 16 14
455196.320331 6781306.482193 -1877.843384 17 14
455246.320331 6781306.482193 -1869.086304 18 14
455296.320331 6781306.482193 -1856.438599 19 14
455346.320331 6781306.482193 -1864.572021 20 14
455396.320331 6781306.482193 -1846.893677 21 14
455446.320331 6781306.482193 -1847.327271 22 14
455496.320331 6781306.482193 -1854.311523 23 14
455546.320331 6781306.482193 -1858.624390 24 14
455596.320331 6781306.482193 -1847.078247 25 14
455646.320331 6781306.482193 -1843.550903 26 14
455696.320331 6781306.482193 -1836.450562 27 14
455746.320331 6781306.482193 -1847.854980 28 14
455796.320331 6781306.482193 -1839.937012 29 14
454896.320331 6781356.482193 -1892.035156 11 15
454946.320331 6781356.482193 -1890.813232 12 15
454996.320331 6781356.482193 -1881.841919 13 15
455046.320331 6781356.482193 -1875.121338 14 15
455096.320331 6781356.482193 -1866.041016 15 15
455146.320331 6781356.482193 -1875.712402 16 15
455196.320331 6781356.482193 -1879.826172 17 15
455246.320331 6781356.482193 -1874.468872 18 15
455296.320331 6781356.482193 -1853.214722 19 15
455346.320331 6781356.482193 -1849.436646 20 15
455396.320331 6781356.482193 -1848.335938 21 15
455446.320331 6781356.482193 -1850.719604 22 15
455496.320331 6781356.482193 -1863.885864 23 15
455546.320331 6781356.482193 -1862.184570 24 15
455596.320331 6781356.482193 -1846.240234 25 15
455646.320331 6781356.482193 -1848.490356 26 15
455696.320331 6781356.482193 -1842.020874 27 15
455746.320331 6781356.482193 -1848.051392 28 15
455796.320331 6781356.482193 -1834.032959 29 15
454896.320331 6781406.482193 -1885.579346 11 16
454946.320331 6781406.482193 -1883.510132 12 16
454996.320331 6781406.482193 -1877.818970 13 16
455046.320331 6781406.482193 -1874.630615 14 16
455096.320331 6781406.482193 -1866.417114 15 16
455146.320331 6781406.482193 -1869.115112 16 16
455196.320331 6781406.482193 -1883.022095 17 16
455246.320331 6781406.482193 -1879.722046 18 16
455296.320331 6781406.482193 -1850.791748 19 16
455346.320331 6781406.482193 -1852.863281 20 16
455396.320331 6781406.482193 -1852.944946 21 16
455446.320331 6781406.482193 -1846.339966 22 16
455496.320331 6781406.482193 -1856.415405 23 16
455546.320331 6781406.482193 -1851.085449 24 16
455596.320331 6781406.482193 -1843.635498 25 16
455646.320331 6781406.482193 -1853.069214 26 16
455696.320331 6781406.482193 -1848.972656 27 16
455746.320331 6781406.482193 -1837.871582 28 16
455796.320331 6781406.482193 -1820.305542 29 16
454946.320331 6781456.482193 -1874.001831 12 17
454996.320331 6781456.482193 -1872.249390 13 17
455046.320331 6781456.482193 -1870.642090 14 17
455096.320331 6781456.482193 -1870.876221 15 17
455146.320331 6781456.482193 -1867.572632 16 17
455196.320331 6781456.482193 -1888.045532 17 17
455246.320331 6781456.482193 -1875.402100 18 17
455296.320331 6781456.482193 -1838.520752 19 17
455346.320331 6781456.482193 -1846.511475 20 17
455396.320331 6781456.482193 -1851.261963 21 17
455446.320331 6781456.482193 -1848.642090 22 17
455496.320331 6781456.482193 -1845.773682 23 17
455546.320331 6781456.482193 -1841.860229 24 17
455596.320331 6781456.482193 -1838.268433 25 17
455646.320331 6781456.482193 -1851.235718 26 17
455696.320331 6781456.482193 -1844.350830 27 17
455746.320331 6781456.482193 -1831.323364 28 17
455796.320331 6781456.482193 -1813.810791 29 17
454946.320331 6781506.482193 -1869.116211 12 18
454996.320331 6781506.482193 -1865.976685 13 18
455046.320331 6781506.482193 -1861.953735 14 18
455096.320331 6781506.482193 -1875.482666 15 18
455146.320331 6781506.482193 -1867.369507 16 18
455196.320331 6781506.482193 -1859.991943 17 18
455246.320331 6781506.482193 -1859.877441 18 18
455296.320331 6781506.482193 -1837.240479 19 18
455346.320331 6781506.482193 -1840.992065 20 18
455396.320331 6781506.482193 -1844.799316 21 18
455446.320331 6781506.482193 -1847.837891 22 18
455496.320331 6781506.482193 -1840.899414 23 18
455546.320331 6781506.482193 -1836.715820 24 18
455596.320331 6781506.482193 -1836.050537 25 18
455646.320331 6781506.482193 -1840.561646 26 18
455696.320331 6781506.482193 -1845.651855 27 18
455746.320331 6781506.482193 -1836.132202 28 18
455796.320331 6781506.482193 -1818.970947 29 18
454946.320331 6781556.482193 -1872.205078 12 19
454996.320331 6781556.482193 -1863.737671 13 19
455046.320331 6781556.482193 -1848.316528 14 19
455096.320331 6781556.482193 -1856.283936 15 19
455146.320331 6781556.482193 -1865.064941 16 19
455196.320331 6781556.482193 -1861.874512 17 19
455246.320331 6781556.482193 -1857.408569 18 19
455296.320331 6781556.482193 -1822.322754 19 19
455346.320331 6781556.482193 -1830.919922 20 19
455396.320331 6781556.482193 -1838.307251 21 19
455446.320331 6781556.482193 -1847.271118 22 19
455496.320331 6781556.482193 -1837.895264 23 19
455546.320331 6781556.482193 -1834.174683 24 19
455596.320331 6781556.482193 -1833.935913 25 19
455646.320331 6781556.482193 -1837.345215 26 19
455696.320331 6781556.482193 -1840.515991 27 19
455746.320331 6781556.482193 -1832.856323 28 19
455796.320331 6781556.482193 -1819.983765 29 19
454946.320331 6781606.482193 -1870.509644 12 20
454996.320331 6781606.482193 -1865.461182 13 20
455046.320331 6781606.482193 -1859.068359 14 20
455096.320331 6781606.482193 -1866.092163 15 20
455146.320331 6781606.482193 -1861.598145 16 20
455196.320331 6781606.482193 -1855.779663 17 20
455246.320331 6781606.482193 -1851.888062 18 20
455296.320331 6781606.482193 -1833.828247 19 20
455346.320331 6781606.482193 -1834.575195 20 20
455396.320331 6781606.482193 -1844.990845 21 20
455446.320331 6781606.482193 -1838.730469 22 20
455496.320331 6781606.482193 -1837.318115 23 20
455546.320331 6781606.482193 -1830.284546 24 20
455596.320331 6781606.482193 -1822.656372 25 20
455646.320331 6781606.482193 -1833.034424 26 20
455696.320331 6781606.482193 -1832.802002 27 20
455746.320331 6781606.482193 -1829.869995 28 20
455796.320331 6781606.482193 -1819.203003 29 20
454946.320331 6781656.482193 -1866.996948 12 21
454996.320331 6781656.482193 -1863.016235 13 21
455046.320331 6781656.482193 -1859.899658 14 21
455096.320331 6781656.482193 -1864.873535 15 21
455146.320331 6781656.482193 -1864.710205 16 21
455196.320331 6781656.482193 -1858.874023 17 21
455246.320331 6781656.482193 -1845.692505 18 21
455296.320331 6781656.482193 -1833.870117 19 21
455346.320331 6781656.482193 -1843.125732 20 21
455396.320331 6781656.482193 -1851.594604 21 21
455446.320331 6781656.482193 -1843.367065 22 21
455496.320331 6781656.482193 -1828.500977 23 21
455546.320331 6781656.482193 -1817.790039 24 21
455596.320331 6781656.482193 -1814.544922 25 21
455646.320331 6781656.482193 -1819.468750 26 21
455696.320331 6781656.482193 -1822.135620 27 21
455746.320331 6781656.482193 -1822.309448 28 21
455796.320331 6781656.482193 -1816.943115 29 21
454946.320331 6781706.482193 -1863.266479 12 22
454996.320331 6781706.482193 -1859.026855 13 22
455046.320331 6781706.482193 -1857.533813 14 22
455096.320331 6781706.482193 -1864.904541 15 22
455146.320331 6781706.482193 -1861.440918 16 22
455196.320331 6781706.482193 -1859.068237 17 22
455246.320331 6781706.482193 -1846.608398 18 22
455296.320331 6781706.482193 -1835.782471 19 22
455346.320331 6781706.482193 -1843.880615 20 22
455396.320331 6781706.482193 -1840.951660 21 22
455446.320331 6781706.482193 -1847.059082 22 22
455496.320331 6781706.482193 -1845.396484 23 22
455546.320331 6781706.482193 -1839.278442 24 22
455596.320331 6781706.482193 -1843.771240 25 22
455646.320331 6781706.482193 -1835.732300 26 22
455696.320331 6781706.482193 -1843.867432 27 22
455746.320331 6781706.482193 -1827.901489 28 22
455796.320331 6781706.482193 -1826.375000 29 22
455846.320331 6781706.482193 -1815.973999 30 22
454946.320331 6781756.482193 -1860.567505 12 23
454996.320331 6781756.482193 -1863.537964 13 23
455046.320331 6781756.482193 -1858.128906 14 23
455096.320331 6781756.482193 -1863.062500 15 23
455146.320331 6781756.482193 -1859.808472 16 23
455196.320331 6781756.482193 -1861.188599 17 23
455246.320331 6781756.482193 -1851.809937 18 23
455296.320331 6781756.482193 -1839.533081 19 23
455346.320331 6781756.482193 -1846.266846 20 23
455396.320331 6781756.482193 -1842.644043 21 23
455446.320331 6781756.482193 -1846.537354 22 23
455496.320331 6781756.482193 -1850.675171 23 23
455546.320331 6781756.482193 -1850.574341 24 23
455596.320331 6781756.482193 -1850.682617 25 23
455646.320331 6781756.482193 -1838.363159 26 23
455696.320331 6781756.482193 -1846.494141 27 23
455746.320331 6781756.482193 -1832.788818 28 23
455796.320331 6781756.482193 -1827.290405 29 23
455846.320331 6781756.482193 -1823.675537 30 23
454946.320331 6781806.482193 -1873.020020 12 24
454996.320331 6781806.482193 -1861.578247 13 24
455046.320331 6781806.482193 -1866.607178 14 24
455096.320331 6781806.482193 -1865.259399 15 24
455146.320331 6781806.482193 -1856.886597 16 24
455196.320331 6781806.482193 -1863.541138 17 24
455246.320331 6781806.482193 -1858.341431 18 24
455296.320331 6781806.482193 -1837.849487 19 24
455346.320331 6781806.482193 -1851.625488 20 24
455396.320331 6781806.482193 -1838.153198 21 24
455446.320331 6781806.482193 -1832.515137 22 24
455496.320331 6781806.482193 -1834.479004 23 24
455546.320331 6781806.482193 -1827.593018 24 24
455596.320331 6781806.482193 -1812.785889 25 24
455646.320331 6781806.482193 -1807.713257 26 24
455696.320331 6781806.482193 -1815.298706 27 24
455746.320331 6781806.482193 -1819.917114 28 24
455796.320331 6781806.482193 -1823.987793 29 24
455846.320331 6781806.482193 -1826.707886 30 24
454946.320331 6781856.482193 -1869.458130 12 25
454996.320331 6781856.482193 -1864.642944 13 25
455046.320331 6781856.482193 -1865.080200 14 25
455096.320331 6781856.482193 -1868.895386 15 25
455146.320331 6781856.482193 -1860.486938 16 25
455196.320331 6781856.482193 -1856.914307 17 25
455246.320331 6781856.482193 -1858.058716 18 25
455296.320331 6781856.482193 -1851.706543 19 25
455346.320331 6781856.482193 -1854.076660 20 25
455396.320331 6781856.482193 -1842.052490 21 25
455446.320331 6781856.482193 -1831.044434 22 25
455496.320331 6781856.482193 -1839.539795 23 25
455546.320331 6781856.482193 -1830.869507 24 25
455596.320331 6781856.482193 -1828.082275 25 25
455646.320331 6781856.482193 -1836.031128 26 25
455696.320331 6781856.482193 -1818.412231 27 25
455746.320331 6781856.482193 -1822.416870 28 25
455796.320331 6781856.482193 -1824.871582 29 25
455846.320331 6781856.482193 -1828.210815 30 25
454946.320331 6781906.482193 -1856.088867 12 26
454996.320331 6781906.482193 -1867.231689 13 26
455046.320331 6781906.482193 -1862.470459 14 26
455096.320331 6781906.482193 -1865.529053 15 26
455146.320331 6781906.482193 -1857.469482 16 26
455196.320331 6781906.482193 -1863.276855 17 26
455246.320331 6781906.482193 -1844.868042 18 26
455296.320331 6781906.482193 -1834.872925 19 26
455346.320331 6781906.482193 -1845.643799 20 26
455396.320331 6781906.482193 -1850.313354 21 26
455446.320331 6781906.482193 -1830.770996 22 26
455496.320331 6781906.482193 -1829.239990 23 26
455546.320331 6781906.482193 -1827.083984 24 26
455596.320331 6781906.482193 -1831.077026 25 26
455646.320331 6781906.482193 -1840.688599 26 26
455696.320331 6781906.482193 -1837.464478 27 26
455746.320331 6781906.482193 -1820.840820 28 26
455796.320331 6781906.482193 -1816.920288 29 26
455846.320331 6781906.482193 -1817.917847 30 26
454946.320331 6781956.482193 -1861.122192 12 27
454996.320331 6781956.482193 -1865.839233 13 27
455046.320331 6781956.482193 -1862.883301 14 27
455096.320331 6781956.482193 -1864.872803 15 27
455146.320331 6781956.482193 -1858.216431 16 27
455196.320331 6781956.482193 -1853.728638 17 27
455246.320331 6781956.482193 -1848.801880 18 27
455296.320331 6781956.482193 -1837.607300 19 27
455346.320331 6781956.482193 -1843.144775 20 27
455396.320331 6781956.482193 -1839.669189 21 27
455446.320331 6781956.482193 -1839.036499 22 27
455496.320331 6781956.482193 -1833.170898 23 27
455546.320331 6781956.482193 -1825.492432 24 27
455596.320331 6781956.482193 -1821.317627 25 27
455646.320331 6781956.482193 -1817.716309 26 27
455696.320331 6781956.482193 -1813.132935 27 27
455746.320331 6781956.482193 -1823.672729 28 27
455796.320331 6781956.482193 -1806.706787 29 27
455846.320331 6781956.482193 -1813.456543 30 27
454946.320331 6782006.482193 -1862.602905 12 28
454996.320331 6782006.482193 -1863.019287 13 28
455046.320331 6782006.482193 -1857.793823 14 28
455096.320331 6782006.482193 -1855.464233 15 28
455146.320331 6782006.482193 -1849.948364 16 28
455196.320331 6782006.482193 -1848.927612 17 28
455246.320331 6782006.482193 -1847.201904 18 28
455296.320331 6782006.482193 -1843.022949 19 28
455346.320331 6782006.482193 -1845.480469 20 28
455396.320331 6782006.482193 -1838.591064 21 28
455446.320331 6782006.482193 -1839.633057 22 28
455496.320331 6782006.482193 -1841.523926 23 28
455546.320331 6782006.482193 -1831.401855 24 28
455596.320331 6782006.482193 -1822.334351 25 28
455646.320331 6782006.482193 -1818.511353 26 28
455696.320331 6782006.482193 -1829.912231 27 28
455746.320331 6782006.482193 -1822.557983 28 28
455796.320331 6782006.482193 -1829.955566 29 28
455846.320331 6782006.482193 -1823.747803 30 28
454896.320331 6782056.482193 -1857.239502 11 29
454946.320331 6782056.482193 -1858.776367 12 29
454996.320331 6782056.482193 -1862.137329 13 29
455046.320331 6782056.482193 -1848.631714 14 29
455096.320331 6782056.482193 -1853.787354 15 29
455146.320331 6782056.482193 -1847.695801 16 29
455196.320331 6782056.482193 -1843.785522 17 29
455246.320331 6782056.482193 -1850.402832 18 29
455296.320331 6782056.482193 -1853.361694 19 29
455346.320331 6782056.482193 -1844.473755 20 29
455396.320331 6782056.482193 -1838.874146 21 29
455446.320331 6782056.482193 -1839.153198 22 29
455496.320331 6782056.482193 -1844.879517 23 29
455546.320331 6782056.482193 -1835.854492 24 29
455596.320331 6782056.482193 -1832.244995 25 29
455646.320331 6782056.482193 -1828.728516 26 29
455696.320331 6782056.482193 -1825.762329 27 29
455746.320331 6782056.482193 -1819.989990 28 29
455796.320331 6782056.482193 -1824.486450 29 29
455846.320331 6782056.482193 -1824.254150 30 29
454896.320331 6782106.482193 -1854.054321 11 30
454946.320331 6782106.482193 -1855.232544 12 30
454996.320331 6782106.482193 -1870.149536 13 30
455046.320331 6782106.482193 -1849.115845 14 30
455096.320331 6782106.482193 -1847.436523 15 30
455146.320331 6782106.482193 -1851.742432 16 30
455196.320331 6782106.482193 -1845.866333 17 30
455246.320331 6782106.482193 -1847.032593 18 30
455296.320331 6782106.482193 -1848.316406 19 30
455346.320331 6782106.482193 -1840.979492 20 30
455396.320331 6782106.482193 -1840.640625 21 30
455446.320331 6782106.482193 -1842.274902 22 30
455496.320331 6782106.482193 -1845.452759 23 30
455546.320331 6782106.482193 -1842.191162 24 30
455596.320331 6782106.482193 -1833.948120 25 30
455646.320331 6782106.482193 -1828.996338 26 30
455696.320331 6782106.482193 -1813.996582 27 30
455746.320331 6782106.482193 -1812.874268 28 30
455796.320331 6782106.482193 -1814.896851 29 30
455846.320331 6782106.482193 -1820.740723 30 30
454896.320331 6782156.482193 -1852.340088 11 31
454946.320331 6782156.482193 -1848.271606 12 31
454996.320331 6782156.482193 -1858.493896 13 31
455046.320331 6782156.482193 -1850.981934 14 31
455096.320331 6782156.482193 -1852.620117 15 31
455146.320331 6782156.482193 -1855.308105 16 31
455196.320331 6782156.482193 -1852.525513 17 31
455246.320331 6782156.482193 -1851.488037 18 31
455296.320331 6782156.482193 -1837.840332 19 31
455346.320331 6782156.482193 -1843.147095 20 31
455396.320331 6782156.482193 -1841.617432 21 31
455446.320331 6782156.482193 -1841.460205 22 31
455496.320331 6782156.482193 -1844.225586 23 31
455546.320331 6782156.482193 -1846.083740 24 31
455596.320331 6782156.482193 -1835.527954 25 31
455646.320331 6782156.482193 -1835.305786 26 31
455696.320331 6782156.482193 -1829.390625 27 31
455746.320331 6782156.482193 -1816.857056 28 31
455796.320331 6782156.482193 -1815.516968 29 31
455846.320331 6782156.482193 -1820.865723 30 31
454896.320331 6782206.482193 -1857.360107 11 32
454946.320331 6782206.482193 -1851.330322 12 32
454996.320331 6782206.482193 -1856.962891 13 32
455046.320331 6782206.482193 -1852.662842 14 32
455096.320331 6782206.482193 -1860.664429 15 32
455146.320331 6782206.482193 -1857.149048 16 32
455196.320331 6782206.482193 -1857.766479 17 32
455246.320331 6782206.482193 -1859.540039 18 32
455296.320331 6782206.482193 -1843.337891 19 32
455346.320331 6782206.482193 -1839.978149 20 32
455396.320331 6782206.482193 -1842.351685 21 32
455446.320331 6782206.482193 -1846.755249 22 32
455496.320331 6782206.482193 -1847.708374 23 32
455546.320331 6782206.482193 -1850.809082 24 32
455596.320331 6782206.482193 -1843.821777 25 32
455646.320331 6782206.482193 -1834.881348 26 32
455696.320331 6782206.482193 -1829.756958 27 32
455746.320331 6782206.482193 -1824.784790 28 32
455796.320331 6782206.482193 -1820.696289 29 32
455846.320331 6782206.482193 -1820.584839 30 32
454846.320331 6782256.482193 -1861.874146 10 33
454896.320331 6782256.482193 -1863.995972 11 33
454946.320331 6782256.482193 -1867.127563 12 33
454996.320331 6782256.482193 -1865.215576 13 33
455046.320331 6782256.482193 -1849.015137 14 33
455096.320331 6782256.482193 -1854.968262 15 33
455146.320331 6782256.482193 -1859.418213 16 33
455196.320331 6782256.482193 -1854.537842 17 33
455246.320331 6782256.482193 -1859.402222 18 33
455296.320331 6782256.482193 -1849.878540 19 33
455346.320331 6782256.482193 -1849.154907 20 33
455396.320331 6782256.482193 -1852.701660 21 33
455446.320331 6782256.482193 -1853.031128 22 33
455496.320331 6782256.482193 -1851.707886 23 33
455546.320331 6782256.482193 -1854.871216 24 33
455596.320331 6782256.482193 -1845.226074 25 33
455646.320331 6782256.482193 -1837.608032 26 33
455696.320331 6782256.482193 -1832.957153 27 33
455746.320331 6782256.482193 -1831.002319 28 33
455796.320331 6782256.482193 -1827.633301 29 33
455846.320331 6782256.482193 -1815.484009 30 33
454846.320331 6782306.482193 -1862.082275 10 34
454896.320331 6782306.482193 -1864.475708 11 34
454946.320331 6782306.482193 -1854.176025 12 34
454996.320331 6782306.482193 -1862.017578 13 34
455046.320331 6782306.482193 -1847.153564 14 34
455096.320331 6782306.482193 -1851.501343 15 34
455146.320331 6782306.482193 -1853.992676 16 34
455196.320331 6782306.482193 -1855.610718 17 34
455246.320331 6782306.482193 -1855.428467 18 34
455296.320331 6782306.482193 -1859.824951 19 34
455346.320331 6782306.482193 -1856.643677 20 34
455396.320331 6782306.482193 -1854.076538 21 34
455446.320331 6782306.482193 -1852.608521 22 34
455496.320331 6782306.482193 -1855.847534 23 34
455546.320331 6782306.482193 -1852.812988 24 34
455596.320331 6782306.482193 -1847.482666 25 34
455646.320331 6782306.482193 -1845.903198 26 34
455696.320331 6782306.482193 -1834.953491 27 34
455746.320331 6782306.482193 -1826.978882 28 34
455796.320331 6782306.482193 -1825.330688 29 34
455846.320331 6782306.482193 -1811.679199 30 34
454846.320331 6782356.482193 -1856.411499 10 35
454896.320331 6782356.482193 -1859.406982 11 35
454946.320331 6782356.482193 -1845.794922 12 35
454996.320331 6782356.482193 -1849.945923 13 35
455046.320331 6782356.482193 -1849.898926 14 35
455096.320331 6782356.482193 -1849.717773 15 35
455146.320331 6782356.482193 -1851.900757 16 35
455196.320331 6782356.482193 -1851.563721 17 35
455246.320331 6782356.482193 -1851.209351 18 35
455296.320331 6782356.482193 -1853.039917 19 35
455346.320331 6782356.482193 -1851.655518 20 35
455396.320331 6782356.482193 -1847.505371 21 35
455446.320331 6782356.482193 -1847.116821 22 35
455496.320331 6782356.482193 -1851.994019 23 35
455546.320331 6782356.482193 -1838.009155 24 35
455596.320331 6782356.482193 -1832.437744 25 35
455646.320331 6782356.482193 -1827.248291 26 35
455696.320331 6782356.482193 -1826.024658 27 35
455746.320331 6782356.482193 -1820.464722 28 35
455796.320331 6782356.482193 -1814.103394 29 35
454796.320331 6782406.482193 -1851.876831 9 36
454846.320331 6782406.482193 -1853.622192 10 36
454896.320331 6782406.482193 -1855.166260 11 36
454946.320331 6782406.482193 -1846.227173 12 36
454996.320331 6782406.482193 -1860.433228 13 36
455046.320331 6782406.482193 -1860.109009 14 36
455096.320331 6782406.482193 -1854.302246 15 36
455146.320331 6782406.482193 -1853.329590 16 36
455196.320331 6782406.482193 -1847.337891 17 36
455246.320331 6782406.482193 -1844.646851 18 36
455296.320331 6782406.482193 -1845.170410 19 36
455346.320331 6782406.482193 -1842.165405 20 36
455396.320331 6782406.482193 -1839.053223 21 36
455446.320331 6782406.482193 -1838.049927 22 36
455496.320331 6782406.482193 -1837.205566 23 36
455546.320331 6782406.482193 -1827.769531 24 36
455596.320331 6782406.482193 -1818.633667 25 36
455646.320331 6782406.482193 -1809.312500 26 36
455696.320331 6782406.482193 -1808.294800 27 36
455746.320331 6782406.482193 -1806.872559 28 36
455796.320331 6782406.482193 -1804.335693 29 36
454796.320331 6782456.482193 -1853.030640 9 37
454846.320331 6782456.482193 -1853.015259 10 37
454896.320331 6782456.482193 -1858.643921 11 37
454946.320331 6782456.482193 -1849.790283 12 37
454996.320331 6782456.482193 -1863.014771 13 37
455046.320331 6782456.482193 -1859.949951 14 37
455096.320331 6782456.482193 -1858.854614 15 37
455146.320331 6782456.482193 -1854.207275 16 37
455196.320331 6782456.482193 -1850.341797 17 37
455246.320331 6782456.482193 -1835.368652 18 37
455296.320331 6782456.482193 -1833.791504 19 37
455346.320331 6782456.482193 -1830.936035 20 37
455396.320331 6782456.482193 -1828.710205 21 37
455446.320331 6782456.482193 -1827.596680 22 37
455496.320331 6782456.482193 -1825.564087 23 37
455546.320331 6782456.482193 -1819.586670 24 37
455596.320331 6782456.482193 -1813.343872 25 37
455646.320331 6782456.482193 -1807.533447 26 37
455696.320331 6782456.482193 -1802.886230 27 37
455746.320331 6782456.482193 -1797.142822 28 37
455796.320331 6782456.482193 -1794.607300 29 37
454796.320331 6782506.482193 -1854.423462 9 38
454846.320331 6782506.482193 -1855.611328 10 38
454896.320331 6782506.482193 -1865.114868 11 38
454946.320331 6782506.482193 -1868.673462 12 38
454996.320331 6782506.482193 -1869.855469 13 38
455046.320331 6782506.482193 -1859.983154 14 38
455096.320331 6782506.482193 -1856.639282 15 38
455146.320331 6782506.482193 -1850.229614 16 38
455196.320331 6782506.482193 -1837.195923 17 38
455246.320331 6782506.482193 -1823.375244 18 38
455296.320331 6782506.482193 -1824.234619 19 38
455346.320331 6782506.482193 -1821.750244 20 38
455396.320331 6782506.482193 -1821.011841 21 38
455446.320331 6782506.482193 -1819.697998 22 38
455496.320331 6782506.482193 -1817.810181 23 38
455546.320331 6782506.482193 -1814.557007 24 38
455596.320331 6782506.482193 -1810.671509 25 38
455646.320331 6782506.482193 -1806.762207 26 38
455696.320331 6782506.482193 -1799.850220 27 38
455746.320331 6782506.482193 -1789.812744 28 38
455796.320331 6782506.482193 -1786.170288 29 38
454796.320331 6782556.482193 -1856.949219 9 39
454846.320331 6782556.482193 -1859.468750 10 39
454896.320331 6782556.482193 -1865.439453 11 39
454946.320331 6782556.482193 -1869.540894 12 39
454996.320331 6782556.482193 -1870.259399 13 39
455046.320331 6782556.482193 -1863.353271 14 39
455096.320331 6782556.482193 -1855.733521 15 39
455146.320331 6782556.482193 -1856.783447 16 39
455196.320331 6782556.482193 -1842.523682 17 39
455246.320331 6782556.482193 -1822.494019 18 39
455296.320331 6782556.482193 -1825.058228 19 39
455346.320331 6782556.482193 -1821.690186 20 39
455396.320331 6782556.482193 -1818.766602 21 39
455446.320331 6782556.482193 -1815.864258 22 39
455496.320331 6782556.482193 -1813.496216 23 39
455546.320331 6782556.482193 -1812.110229 24 39
455596.320331 6782556.482193 -1811.532837 25 39
455646.320331 6782556.482193 -1805.473267 26 39
455696.320331 6782556.482193 -1799.524536 27 39
455746.320331 6782556.482193 -1789.510986 28 39
454796.320331 6782606.482193 -1859.187866 9 40
454846.320331 6782606.482193 -1861.167725 10 40
454896.320331 6782606.482193 -1864.344971 11 40
454946.320331 6782606.482193 -1867.195313 12 40
454996.320331 6782606.482193 -1868.990479 13 40
455046.320331 6782606.482193 -1864.998535 14 40
455096.320331 6782606.482193 -1859.009033 15 40
455146.320331 6782606.482193 -1847.635742 16 40
455196.320331 6782606.482193 -1831.104126 17 40
455246.320331 6782606.482193 -1810.533936 18 40
455296.320331 6782606.482193 -1822.762573 19 40
455346.320331 6782606.482193 -1822.388550 20 40
455396.320331 6782606.482193 -1819.096680 21 40
455446.320331 6782606.482193 -1814.301025 22 40
455496.320331 6782606.482193 -1810.336304 23 40
455546.320331 6782606.482193 -1807.674805 24 40
455596.320331 6782606.482193 -1806.336060 25 40
455646.320331 6782606.482193 -1811.233032 26 40
455696.320331 6782606.482193 -1805.202271 27 40
455746.320331 6782606.482193 -1794.271362 28 40
454796.320331 6782656.482193 -1861.083130 9 41
454846.320331 6782656.482193 -1861.798218 10 41
454896.320331 6782656.482193 -1862.865234 11 41
454946.320331 6782656.482193 -1865.207153 12 41
454996.320331 6782656.482193 -1872.062378 13 41
455046.320331 6782656.482193 -1867.531738 14 41
455096.320331 6782656.482193 -1862.712769 15 41
455146.320331 6782656.482193 -1859.646118 16 41
455196.320331 6782656.482193 -1839.736084 17 41
455246.320331 6782656.482193 -1817.426514 18 41
455296.320331 6782656.482193 -1822.824219 19 41
455346.320331 6782656.482193 -1822.369629 20 41
455396.320331 6782656.482193 -1821.959351 21 41
455446.320331 6782656.482193 -1815.009766 22 41
455496.320331 6782656.482193 -1809.517334 23 41
455546.320331 6782656.482193 -1804.759033 24 41
455596.320331 6782656.482193 -1803.101563 25 41
455646.320331 6782656.482193 -1809.180298 26 41
455696.320331 6782656.482193 -1804.122681 27 41
455746.320331 6782656.482193 -1796.240967 28 41
455796.320331 6782656.482193 -1789.145508 29 41
454796.320331 6782706.482193 -1862.986572 9 42
454846.320331 6782706.482193 -1862.582275 10 42
454896.320331 6782706.482193 -1861.795532 11 42
454946.320331 6782706.482193 -1863.380737 12 42
454996.320331 6782706.482193 -1875.036255 13 42
455046.320331 6782706.482193 -1869.336304 14 42
455096.320331 6782706.482193 -1862.930298 15 42
455146.320331 6782706.482193 -1857.345337 16 42
455196.320331 6782706.482193 -1850.912231 17 42
455246.320331 6782706.482193 -1842.601074 18 42
455296.320331 6782706.482193 -1822.875977 19 42
455346.320331 6782706.482193 -1836.196289 20 42
455396.320331 6782706.482193 -1832.123291 21 42
455446.320331 6782706.482193 -1819.057495 22 42
455496.320331 6782706.482193 -1814.205200 23 42
455546.320331 6782706.482193 -1812.274902 24 42
455596.320331 6782706.482193 -1815.924194 25 42
455646.320331 6782706.482193 -1811.852661 26 42
455696.320331 6782706.482193 -1805.254761 27 42
455746.320331 6782706.482193 -1797.785522 28 42
455796.320331 6782706.482193 -1791.809692 29 42
454846.320331 6782756.482193 -1864.801758 10 43
454896.320331 6782756.482193 -1861.948608 11 43
454946.320331 6782756.482193 -1858.799683 12 43
454996.320331 6782756.482193 -1870.629761 13 43
455046.320331 6782756.482193 -1870.725952 14 43
455096.320331 6782756.482193 -1865.834473 15 43
455146.320331 6782756.482193 -1859.408325 16 43
455196.320331 6782756.482193 -1842.600830 17 43
455246.320331 6782756.482193 -1834.848022 18 43
455296.320331 6782756.482193 -1821.149902 19 43
455346.320331 6782756.482193 -1839.982910 20 43
455396.320331 6782756.482193 -1840.355469 21 43
455446.320331 6782756.482193 -1820.046265 22 43
455496.320331 6782756.482193 -1820.774414 23 43
455546.320331 6782756.482193 -1816.065918 24 43
455596.320331 6782756.482193 -1815.789063 25 43
455646.320331 6782756.482193 -1807.566040 26 43
455696.320331 6782756.482193 -1801.038208 27 43
455746.320331 6782756.482193 -1798.420288 28 43
455796.320331 6782756.482193 -1795.298706 29 43
454846.320331 6782806.482193 -1869.593262 10 44
454896.320331 6782806.482193 -1867.729004 11 44
454946.320331 6782806.482193 -1866.351563 12 44
454996.320331 6782806.482193 -1872.100708 13 44
455046.320331 6782806.482193 -1870.321777 14 44
455096.320331 6782806.482193 -1863.775391 15 44
455146.320331 6782806.482193 -1857.627197 16 44
455196.320331 6782806.482193 -1849.384155 17 44
455246.320331 6782806.482193 -1854.397339 18 44
455296.320331 6782806.482193 -1851.658936 19 44
455346.320331 6782806.482193 -1842.638550 20 44
455396.320331 6782806.482193 -1844.348145 21 44
455446.320331 6782806.482193 -1827.423340 22 44
455496.320331 6782806.482193 -1836.311523 23 44
455546.320331 6782806.482193 -1826.292603 24 44
455596.320331 6782806.482193 -1823.100220 25 44
455646.320331 6782806.482193 -1816.184204 26 44
455696.320331 6782806.482193 -1806.586548 27 44
455746.320331 6782806.482193 -1802.810425 28 44
455796.320331 6782806.482193 -1801.605103 29 44
454846.320331 6782856.482193 -1874.088623 10 45
454896.320331 6782856.482193 -1874.003540 11 45
454946.320331 6782856.482193 -1869.432739 12 45
454996.320331 6782856.482193 -1880.612671 13 45
455046.320331 6782856.482193 -1862.604248 14 45
455096.320331 6782856.482193 -1855.804443 15 45
455146.320331 6782856.482193 -1848.976074 16 45
455196.320331 6782856.482193 -1843.883423 17 45
455246.320331 6782856.482193 -1844.159302 18 45
455296.320331 6782856.482193 -1846.202759 19 45
455346.320331 6782856.482193 -1841.091431 20 45
455396.320331 6782856.482193 -1846.926270 21 45
455446.320331 6782856.482193 -1843.051514 22 45
455496.320331 6782856.482193 -1841.970703 23 45
455546.320331 6782856.482193 -1838.757935 24 45
455596.320331 6782856.482193 -1827.827759 25 45
455646.320331 6782856.482193 -1815.044312 26 45
455696.320331 6782856.482193 -1812.431885 27 45
455746.320331 6782856.482193 -1811.842285 28 45
455796.320331 6782856.482193 -1805.983643 29 45
454846.320331 6782906.482193 -1868.385376 10 46
454896.320331 6782906.482193 -1868.585938 11 46
454946.320331 6782906.482193 -1868.714966 12 46
454996.320331 6782906.482193 -1881.859131 13 46
455046.320331 6782906.482193 -1867.147461 14 46
455096.320331 6782906.482193 -1864.396606 15 46
455146.320331 6782906.482193 -1857.756226 16 46
455196.320331 6782906.482193 -1854.600342 17 46
455246.320331 6782906.482193 -1854.825195 18 46
455296.320331 6782906.482193 -1851.046875 19 46
455346.320331 6782906.482193 -1852.258423 20 46
455396.320331 6782906.482193 -1847.483276 21 46
455446.320331 6782906.482193 -1845.970825 22 46
455496.320331 6782906.482193 -1846.376831 23 46
455546.320331 6782906.482193 -1844.463989 24 46
455596.320331 6782906.482193 -1835.494385 25 46
455646.320331 6782906.482193 -1828.075317 26 46
455696.320331 6782906.482193 -1821.326416 27 46
455746.320331 6782906.482193 -1814.916260 28 46
455796.320331 6782906.482193 -1804.046631 29 46
454846.320331 6782956.482193 -1870.865112 10 47
454896.320331 6782956.482193 -1871.629639 11 47
454946.320331 6782956.482193 -1874.333008 12 47
454996.320331 6782956.482193 -1873.312866 13 47
455046.320331 6782956.482193 -1866.827393 14 47
455096.320331 6782956.482193 -1872.271362 15 47
455146.320331 6782956.482193 -1869.574707 16 47
455196.320331 6782956.482193 -1865.017334 17 47
455246.320331 6782956.482193 -1867.658081 18 47
455296.320331 6782956.482193 -1859.957031 19 47
455346.320331 6782956.482193 -1856.214478 20 47
455396.320331 6782956.482193 -1849.702271 21 47
455446.320331 6782956.482193 -1846.808228 22 47
455496.320331 6782956.482193 -1849.683838 23 47
455546.320331 6782956.482193 -1852.199219 24 47
455596.320331 6782956.482193 -1842.467163 25 47
455646.320331 6782956.482193 -1831.565796 26 47
455696.320331 6782956.482193 -1826.915283 27 47
455746.320331 6782956.482193 -1821.313232 28 47
455796.320331 6782956.482193 -1808.008301 29 47
455846.320331 6782956.482193 -1807.024658 30 47
454846.320331 6783006.482193 -1879.374634 10 48
454896.320331 6783006.482193 -1879.833862 11 48
454946.320331 6783006.482193 -1873.502075 12 48
454996.320331 6783006.482193 -1879.734009 13 48
455046.320331 6783006.482193 -1861.069336 14 48
455096.320331 6783006.482193 -1863.212524 15 48
455146.320331 6783006.482193 -1871.470703 16 48
455196.320331 6783006.482193 -1868.292358 17 48
455246.320331 6783006.482193 -1859.718506 18 48
455296.320331 6783006.482193 -1859.108643 19 48
455346.320331 6783006.482193 -1859.919189 20 48
455396.320331 6783006.482193 -1854.531494 21 48
455446.320331 6783006.482193 -1846.385010 22 48
455496.320331 6783006.482193 -1846.163574 23 48
455546.320331 6783006.482193 -1852.400146 24 48
455596.320331 6783006.482193 -1846.352539 25 48
455646.320331 6783006.482193 -1838.803345 26 48
455696.320331 6783006.482193 -1833.794312 27 48
455746.320331 6783006.482193 -1816.376465 28 48
455796.320331 6783006.482193 -1819.488525 29 48
455846.320331 6783006.482193 -1812.304932 30 48
454846.320331 6783056.482193 -1882.490723 10 49
454896.320331 6783056.482193 -1885.575073 11 49
454946.320331 6783056.482193 -1882.279419 12 49
454996.320331 6783056.482193 -1878.441162 13 49
455046.320331 6783056.482193 -1868.530640 14 49
455096.320331 6783056.482193 -1873.337769 15 49
455146.320331 6783056.482193 -1873.396729 16 49
455196.320331 6783056.482193 -1868.121338 17 49
455246.320331 6783056.482193 -1864.942017 18 49
455296.320331 6783056.482193 -1864.347290 19 49
455346.320331 6783056.482193 -1859.052734 20 49
455396.320331 6783056.482193 -1858.796997 21 49
455446.320331 6783056.482193 -1853.683838 22 49
455496.320331 6783056.482193 -1852.227173 23 49
455546.320331 6783056.482193 -1847.982544 24 49
455596.320331 6783056.482193 -1846.769531 25 49
455646.320331 6783056.482193 -1839.618164 26 49
455696.320331 6783056.482193 -1839.943848 27 49
455746.320331 6783056.482193 -1822.261597 28 49
455796.320331 6783056.482193 -1821.125854 29 49
454846.320331 6783106.482193 -1881.637817 10 50
454896.320331 6783106.482193 -1883.008423 11 50
454946.320331 6783106.482193 -1876.083984 12 50
454996.320331 6783106.482193 -1874.917603 13 50
455046.320331 6783106.482193 -1889.556641 14 50
455096.320331 6783106.482193 -1872.275635 15 50
455146.320331 6783106.482193 -1873.090454 16 50
455196.320331 6783106.482193 -1874.339233 17 50
455246.320331 6783106.482193 -1872.727905 18 50
455296.320331 6783106.482193 -1870.833008 19 50
455346.320331 6783106.482193 -1866.385132 20 50
455396.320331 6783106.482193 -1863.153809 21 50
455446.320331 6783106.482193 -1859.183716 22 50
455496.320331 6783106.482193 -1856.063721 23 50
455546.320331 6783106.482193 -1850.702148 24 50
455596.320331 6783106.482193 -1846.630737 25 50
455646.320331 6783106.482193 -1845.630737 26 50
455696.320331 6783106.482193 -1842.132690 27 50
455746.320331 6783106.482193 -1828.011353 28 50
454896.320331 6783156.482193 -1861.309082 11 51
454946.320331 6783156.482193 -1865.313965 12 51
454996.320331 6783156.482193 -1857.957764 13 51
455046.320331 6783156.482193 -1862.356567 14 51
455096.320331 6783156.482193 -1866.804565 15 51
455146.320331 6783156.482193 -1874.053467 16 51
455196.320331 6783156.482193 -1879.283325 17 51
455246.320331 6783156.482193 -1862.771240 18 51
455296.320331 6783156.482193 -1867.833008 19 51
455346.320331 6783156.482193 -1870.198242 20 51
455396.320331 6783156.482193 -1864.801025 21 51
455446.320331 6783156.482193 -1861.500854 22 51
455496.320331 6783156.482193 -1852.484253 23 51
455546.320331 6783156.482193 -1845.767212 24 51
455596.320331 6783156.482193 -1845.488892 25 51
455646.320331 6783156.482193 -1844.004517 26 51
454996.320331 6783206.482193 -1866.268066 13 52
455046.320331 6783206.482193 -1863.017212 14 52
455096.320331 6783206.482193 -1869.005859 15 52
455146.320331 6783206.482193 -1874.154175 16 52
455196.320331 6783206.482193 -1876.029785 17 52
